row,red1,red2,red3,red4,red5,red6,red_sum_all,red_sum16,red_gap16,red_sum25,red_gap25,red_sum34,red_gap12,red_gap23,red_gap34,red_gap45,red_gap56
1_1,2,5,9,16,23,29,84,31,27,28,18,25,3,4,7,7,6
1_2,1,5,9,18,25,28,86,29,27,30,20,27,4,4,9,7,3
1_3,4,7,10,15,20,23,79,27,19,27,13,25,3,3,5,5,3
1_4,4,10,14,20,24,28,100,32,24,34,14,34,6,4,6,4,4
1_5,5,10,15,19,24,29,102,34,24,34,14,34,5,5,4,5,5
1_6,3,9,11,17,25,27,92,30,24,34,16,28,6,2,6,8,2
1_7,3,5,9,15,21,26,79,29,23,26,16,24,2,4,6,6,5
1_8,2,5,9,12,20,25,73,27,23,25,15,21,3,4,3,8,5
1_9,3,6,10,10,16,27,72,30,24,22,10,20,3,4,0,6,11
1_10,3,6,10,12,17,26,74,29,23,23,11,22,3,4,2,5,9
2_1,1,4,8,13,23,26,75,27,25,27,19,21,3,4,5,10,3
2_2,2,4,9,16,22,27,80,29,25,26,18,25,2,5,7,6,5
2_3,3,6,10,14,20,25,78,28,22,26,14,24,3,4,4,6,5
2_4,3,9,14,19,24,28,97,31,25,33,15,33,6,5,5,5,4
2_5,4,9,14,19,24,28,98,32,24,33,15,33,5,5,5,5,4
2_6,1,3,7,13,21,27,72,28,26,24,18,20,2,4,6,8,6
2_7,3,6,8,17,21,25,80,28,22,27,15,25,3,2,9,4,4
2_8,3,6,8,14,19,23,73,26,20,25,13,22,3,2,6,5,4
2_9,3,6,8,14,19,25,75,28,22,25,13,22,3,2,6,5,6
2_10,3,6,9,13,18,26,75,29,23,24,12,22,3,3,4,5,8
3_1,3,6,11,14,22,27,83,30,24,28,16,25,3,5,3,8,5
3_2,3,7,10,16,22,26,84,29,23,29,15,26,4,3,6,6,4
3_3,4,8,11,16,21,25,85,29,21,29,13,27,4,3,5,5,4
3_4,4,8,14,18,23,28,95,32,24,31,15,32,4,6,4,5,5
3_5,4,9,14,18,24,28,97,32,24,33,15,32,5,5,4,6,4
3_6,1,3,10,16,26,29,85,30,28,29,23,26,2,7,6,10,3
3_7,2,6,7,13,20,27,75,29,25,26,14,20,4,1,6,7,7
3_8,2,4,6,12,23,25,72,27,23,27,19,18,2,2,6,11,2
3_9,3,5,6,11,17,23,65,26,20,22,12,17,2,1,5,6,6
3_10,3,6,7,12,18,24,70,27,21,24,12,19,3,1,5,6,6
4_1,1,4,9,16,22,28,80,29,27,26,18,25,3,5,7,6,6
4_2,2,8,11,19,25,27,92,29,25,33,17,30,6,3,8,6,2
4_3,3,7,10,16,22,25,83,28,22,29,15,26,4,3,6,6,3
4_4,4,9,14,19,24,28,98,32,24,33,15,33,5,5,5,5,4
4_5,4,9,14,19,24,28,98,32,24,33,15,33,5,5,5,5,4
4_6,1,3,7,10,17,26,64,27,25,20,14,17,2,4,3,7,9
4_7,1,5,7,11,18,23,65,24,22,23,13,18,4,2,4,7,5
4_8,2,5,9,12,20,24,72,26,22,25,15,21,3,4,3,8,4
4_9,2,5,7,11,16,24,65,26,22,21,11,18,3,2,4,5,8
4_10,3,5,7,11,15,23,64,26,20,20,10,18,2,2,4,4,8
5_1,3,4,9,13,22,29,80,32,26,26,18,22,1,5,4,9,7
5_2,3,7,10,17,23,28,88,31,25,30,16,27,4,3,7,6,5
5_3,2,6,9,15,21,25,78,27,23,27,15,24,4,3,6,6,4
5_4,4,9,14,18,23,28,96,32,24,32,14,32,5,5,4,5,5
5_5,5,10,15,20,24,29,103,34,24,34,14,35,5,5,5,4,5
5_6,2,5,6,15,18,24,70,26,22,23,13,21,3,1,9,3,6
5_7,2,4,8,14,19,25,72,27,23,23,15,22,2,4,6,5,6
5_8,2,3,5,9,17,24,60,26,22,20,14,14,1,2,4,8,7
5_9,3,5,6,9,16,25,64,28,22,21,11,15,2,1,3,7,9
5_10,3,5,6,10,17,24,65,27,21,22,12,16,2,1,4,7,7
6_1,4,8,12,17,23,29,93,33,25,31,15,29,4,4,5,6,6
6_2,4,10,12,19,23,27,95,31,23,33,13,31,6,2,7,4,4
6_3,4,9,12,16,20,23,84,27,19,29,11,28,5,3,4,4,3
6_4,4,9,14,19,24,28,98,32,24,33,15,33,5,5,5,5,4
6_5,4,10,14,19,24,29,100,33,25,34,14,33,6,4,5,5,5
6_6,4,7,8,12,22,25,78,29,21,29,15,20,3,1,4,10,3
6_7,3,6,11,15,20,23,78,26,20,26,14,26,3,5,4,5,3
6_8,4,6,9,14,21,23,77,27,19,27,15,23,2,3,5,7,2
6_9,4,5,8,11,16,21,65,25,17,21,11,19,1,3,3,5,5
6_10,3,5,8,11,17,22,66,25,19,22,12,19,2,3,3,6,5
7_1,2,4,11,16,24,27,84,29,25,28,20,27,2,7,5,8,3
7_2,5,10,14,19,24,30,102,35,25,34,14,33,5,4,5,5,6
7_3,6,9,12,17,22,27,93,33,21,31,13,29,3,3,5,5,5
7_4,4,9,15,20,24,29,101,33,25,33,15,35,5,6,5,4,5
7_5,5,10,14,20,24,28,101,33,23,34,14,34,5,4,6,4,4
7_6,1,2,7,13,18,24,65,25,23,20,16,20,1,5,6,5,6
7_7,2,4,7,11,19,25,68,27,23,23,15,18,2,3,4,8,6
7_8,3,5,7,10,18,24,67,27,21,23,13,17,2,2,3,8,6
7_9,4,5,6,8,15,25,63,29,21,20,10,14,1,1,2,7,10
7_10,4,5,7,10,15,24,65,28,20,20,10,17,1,2,3,5,9
8_1,3,5,11,18,24,28,89,31,25,29,19,29,2,6,7,6,4
8_2,3,7,11,17,25,28,91,31,25,32,18,28,4,4,6,8,3
8_3,4,8,11,15,22,25,85,29,21,30,14,26,4,3,4,7,3
8_4,4,9,14,19,24,28,98,32,24,33,15,33,5,5,5,5,4
8_5,4,10,15,19,24,29,101,33,25,34,14,34,6,5,4,5,5
8_6,1,4,8,13,17,28,71,29,27,21,13,21,3,4,5,4,11
8_7,1,4,8,14,18,25,70,26,24,22,14,22,3,4,6,4,7
8_8,2,3,5,11,19,25,65,27,23,22,16,16,1,2,6,8,6
8_9,3,3,5,10,18,26,65,29,23,21,15,15,0,2,5,8,8
8_10,4,5,8,11,19,26,73,30,22,24,14,19,1,3,3,8,7
9_1,2,4,9,15,25,30,85,32,28,29,21,24,2,5,6,10,5
9_2,3,7,9,18,22,26,85,29,23,29,15,27,4,2,9,4,4
9_3,4,7,10,18,22,24,85,28,20,29,15,28,3,3,8,4,2
9_4,4,9,13,21,24,27,98,31,23,33,15,34,5,4,8,3,3
9_5,4,9,14,19,24,28,98,32,24,33,15,33,5,5,5,5,4
9_6,6,10,14,19,25,31,105,37,25,35,15,33,4,4,5,6,6
9_7,2,4,7,14,15,21,63,23,19,19,11,21,2,3,7,1,6
9_8,3,4,7,12,13,21,60,24,18,17,9,19,1,3,5,1,8
9_9,4,6,8,12,13,21,64,25,17,19,7,20,2,2,4,1,8
9_10,5,6,8,11,15,22,67,27,17,21,9,19,1,2,3,4,7
10_1,4,7,13,17,24,28,93,32,24,31,17,30,3,6,4,7,4
10_2,3,7,13,20,25,28,96,31,25,32,18,33,4,6,7,5,3
10_3,3,5,8,15,21,24,76,27,21,26,16,23,2,3,7,6,3
10_4,4,10,15,20,24,28,101,32,24,34,14,35,6,5,5,4,4
10_5,4,9,15,19,24,29,100,33,25,33,15,34,5,6,4,5,5
10_6,3,5,9,20,23,27,87,30,24,28,18,29,2,4,11,3,4
10_7,3,5,7,14,18,25,72,28,22,23,13,21,2,2,7,4,7
10_8,4,4,8,13,18,24,71,28,20,22,14,21,0,4,5,5,6
10_9,3,5,8,13,16,25,70,28,22,21,11,21,2,3,5,3,9
10_10,4,7,9,15,18,26,79,30,22,25,11,24,3,2,6,3,8
11_1,2,6,10,16,22,27,83,29,25,28,16,26,4,4,6,6,5
11_2,4,7,13,21,26,29,100,33,25,33,19,34,3,6,8,5,3
11_3,4,7,12,16,23,26,88,30,22,30,16,28,3,5,4,7,3
11_4,5,9,15,20,25,28,102,33,23,34,16,35,4,6,5,5,3
11_5,4,9,14,19,24,29,99,33,25,33,15,33,5,5,5,5,5
11_6,1,3,5,14,20,29,72,30,28,23,17,19,2,2,9,6,9
11_7,0,3,5,15,24,29,76,29,29,27,21,20,3,2,10,9,5
11_8,2,4,4,12,21,28,71,30,26,25,17,16,2,0,8,9,7
11_9,3,4,4,10,16,24,61,27,21,20,12,14,1,0,6,6,8
11_10,3,4,5,11,15,24,62,27,21,19,11,16,1,1,6,4,9
12_1,0,3,5,13,16,28,65,28,28,19,13,18,3,2,8,3,12
12_2,2,6,10,16,23,28,85,30,26,29,17,26,4,4,6,7,5
12_3,4,8,11,15,21,26,85,30,22,29,13,26,4,3,4,6,5
12_4,4,9,14,19,24,29,99,33,25,33,15,33,5,5,5,5,5
12_5,4,9,14,18,24,28,97,32,24,33,15,32,5,5,4,6,4
12_6,3,3,5,16,25,26,78,29,23,28,22,21,0,2,11,9,1
12_7,1,3,6,13,20,21,64,22,20,23,17,19,2,3,7,7,1
12_8,4,5,8,18,22,23,80,27,19,27,17,26,1,3,10,4,1
12_9,4,4,8,15,18,23,72,27,19,22,14,23,0,4,7,3,5
12_10,4,4,6,11,18,23,66,27,19,22,14,17,0,2,5,7,5
13_1,2,3,10,20,24,28,87,30,26,27,21,30,1,7,10,4,4
13_2,2,6,10,20,25,27,90,29,25,31,19,30,4,4,10,5,2
13_3,3,8,11,15,23,25,85,28,22,31,15,26,5,3,4,8,2
13_4,4,9,14,19,23,27,96,31,23,32,14,33,5,5,5,4,4
13_5,4,10,15,19,24,28,100,32,24,34,14,34,6,5,4,5,4
13_6,2,4,8,12,21,25,72,27,23,25,17,20,2,4,4,9,4
13_7,2,4,8,14,24,27,79,29,25,28,20,22,2,4,6,10,3
13_8,3,5,9,15,20,24,76,27,21,25,15,24,2,4,6,5,4
13_9,3,5,8,11,17,24,68,27,21,22,12,19,2,3,3,6,7
13_10,4,6,9,12,17,23,71,27,19,23,11,21,2,3,3,5,6
14_1,3,6,7,12,19,26,73,29,23,25,13,19,3,1,5,7,7
14_2,2,6,11,20,26,29,94,31,27,32,20,31,4,5,9,6,3
14_3,4,9,11,18,24,26,92,30,22,33,15,29,5,2,7,6,2
14_4,4,8,14,19,24,28,97,32,24,32,16,33,4,6,5,5,4
14_5,4,9,14,19,24,29,99,33,25,33,15,33,5,5,5,5,5
14_6,1,1,6,15,21,28,72,29,27,22,20,21,0,5,9,6,7
14_7,2,3,6,12,21,28,72,30,26,24,18,18,1,3,6,9,7
14_8,3,3,5,11,22,26,70,29,23,25,19,16,0,2,6,11,4
14_9,3,4,5,9,16,23,60,26,20,20,12,14,1,1,4,7,7
14_10,3,4,7,10,17,25,66,28,22,21,13,17,1,3,3,7,8
15_1,3,9,10,14,20,27,83,30,24,29,11,24,6,1,4,6,7
15_2,4,10,11,19,23,28,95,32,24,33,13,30,6,1,8,4,5
15_3,4,8,12,17,22,27,90,31,23,30,14,29,4,4,5,5,5
15_4,4,9,14,20,24,28,99,32,24,33,15,34,5,5,6,4,4
15_5,4,10,15,20,24,29,102,33,25,34,14,35,6,5,5,4,5
15_6,4,7,7,13,17,27,75,31,23,24,10,20,3,0,6,4,10
15_7,2,3,7,12,18,26,68,28,24,21,15,19,1,4,5,6,8
15_8,3,4,7,12,20,26,72,29,23,24,16,19,1,3,5,8,6
15_9,3,4,8,11,18,25,69,28,22,22,14,19,1,4,3,7,7
15_10,4,6,10,12,18,25,75,29,21,24,12,22,2,4,2,6,7
16_1,2,10,11,14,24,29,90,31,27,34,14,25,8,1,3,10,5
16_2,5,12,15,20,27,29,108,34,24,39,15,35,7,3,5,7,2
16_3,4,9,12,17,23,26,91,30,22,32,14,29,5,3,5,6,3
16_4,5,10,14,21,25,29,104,34,24,35,15,35,5,4,7,4,4
16_5,4,10,15,20,24,29,102,33,25,34,14,35,6,5,5,4,5
16_6,1,5,7,14,21,28,76,29,27,26,16,21,4,2,7,7,7
16_7,2,5,8,13,17,22,67,24,20,22,12,21,3,3,5,4,5
16_8,5,8,10,13,21,23,80,28,18,29,13,23,3,2,3,8,2
16_9,3,4,7,11,17,21,63,24,18,21,13,18,1,3,4,6,4
16_10,2,5,8,12,18,24,69,26,22,23,13,20,3,3,4,6,6
17_1,2,6,8,13,22,31,82,33,29,28,16,21,4,2,5,9,9
17_2,2,8,13,20,28,31,102,33,29,36,20,33,6,5,7,8,3
17_3,2,7,12,18,25,27,91,29,25,32,18,30,5,5,6,7,2
17_4,4,9,13,19,25,28,98,32,24,34,16,32,5,4,6,6,3
17_5,5,10,14,19,24,28,100,33,23,34,14,33,5,4,5,5,4
17_6,2,4,5,14,27,30,82,32,28,31,23,19,2,1,9,13,3
17_7,2,3,6,14,25,27,77,29,25,28,22,20,1,3,8,11,2
17_8,3,4,7,14,23,28,79,31,25,27,19,21,1,3,7,9,5
17_9,3,4,6,14,21,27,75,30,24,25,17,20,1,2,8,7,6
17_10,5,7,8,14,20,28,82,33,23,27,13,22,2,1,6,6,8
18_1,2,7,9,14,22,29,83,31,27,29,15,23,5,2,5,8,7
18_2,2,7,10,17,27,29,92,31,27,34,20,27,5,3,7,10,2
18_3,4,7,12,16,23,25,87,29,21,30,16,28,3,5,4,7,2
18_4,4,9,14,19,23,28,97,32,24,32,14,33,5,5,5,4,5
18_5,5,10,15,20,25,29,104,34,24,35,15,35,5,5,5,5,4
18_6,5,7,8,13,21,26,80,31,21,28,14,21,2,1,5,8,5
18_7,4,7,9,11,18,25,74,29,21,25,11,20,3,2,2,7,7
18_8,4,5,7,12,19,25,72,29,21,24,14,19,1,2,5,7,6
18_9,3,4,6,10,16,28,67,31,25,20,12,16,1,2,4,6,12
18_10,3,5,6,10,16,25,65,28,22,21,11,16,2,1,4,6,9
19_1,3,6,9,16,21,30,85,33,27,27,15,25,3,3,7,5,9
19_2,4,8,11,19,24,27,93,31,23,32,16,30,4,3,8,5,3
19_3,5,9,12,18,22,24,90,29,19,31,13,30,4,3,6,4,2
19_4,5,10,15,20,24,28,102,33,23,34,14,35,5,5,5,4,4
19_5,5,10,15,19,24,29,102,34,24,34,14,34,5,5,4,5,5
19_6,2,4,8,15,24,27,80,29,25,28,20,23,2,4,7,9,3
19_7,4,5,7,11,13,27,67,31,23,18,8,18,1,2,4,2,14
19_8,5,5,6,10,14,24,64,29,19,19,9,16,0,1,4,4,10
19_9,5,4,7,11,15,25,67,30,20,19,11,18,-1,3,4,4,10
19_10,6,5,9,14,17,25,76,31,19,22,12,23,-1,4,5,3,8
20_1,3,8,12,17,24,28,92,31,25,32,16,29,5,4,5,7,4
20_2,4,8,12,19,27,27,97,31,23,35,19,31,4,4,7,8,0
20_3,3,7,12,17,23,25,87,28,22,30,16,29,4,5,5,6,2
20_4,5,10,14,20,24,28,101,33,23,34,14,34,5,4,6,4,4
20_5,4,10,15,19,24,28,100,32,24,34,14,34,6,5,4,5,4
20_6,2,1,7,10,18,23,61,25,21,19,17,17,-1,6,3,8,5
20_7,2,2,8,12,21,27,72,29,25,23,19,20,0,6,4,9,6
20_8,2,3,7,10,22,26,70,28,24,25,19,17,1,4,3,12,4
20_9,3,4,7,10,17,25,66,28,22,21,13,17,1,3,3,7,8
20_10,3,5,8,10,17,26,69,29,23,22,12,18,2,3,2,7,9
21_1,1,4,7,15,22,27,76,28,26,26,18,22,3,3,8,7,5
21_2,2,6,10,17,24,28,87,30,26,30,18,27,4,4,7,7,4
21_3,3,7,10,15,21,24,80,27,21,28,14,25,4,3,5,6,3
21_4,4,9,14,20,24,28,99,32,24,33,15,34,5,5,6,4,4
21_5,4,9,14,19,24,29,99,33,25,33,15,33,5,5,5,5,5
21_6,3,5,6,12,20,22,68,25,19,25,15,18,2,1,6,8,2
21_7,2,4,6,11,20,27,70,29,25,24,16,17,2,2,5,9,7
21_8,2,6,7,11,20,23,69,25,21,26,14,18,4,1,4,9,3
21_9,3,6,7,9,15,22,62,25,19,21,9,16,3,1,2,6,7
21_10,4,6,8,10,15,22,65,26,18,21,9,18,2,2,2,5,7
22_1,5,8,9,15,22,31,90,36,26,30,14,24,3,1,6,7,9
22_2,3,9,12,17,23,28,92,31,25,32,14,29,6,3,5,6,5
22_3,3,7,10,16,23,26,85,29,23,30,16,26,4,3,6,7,3
22_4,5,10,15,19,23,27,99,32,22,33,13,34,5,5,4,4,4
22_5,5,9,14,19,24,29,100,34,24,33,15,33,4,5,5,5,5
22_6,2,5,7,12,19,24,69,26,22,24,14,19,3,2,5,7,5
22_7,2,6,8,15,23,27,81,29,25,29,17,23,4,2,7,8,4
22_8,4,5,10,14,22,24,79,28,20,27,17,24,1,5,4,8,2
22_9,3,4,7,12,18,23,67,26,20,22,14,19,1,3,5,6,5
22_10,3,5,8,14,17,23,70,26,20,22,12,22,2,3,6,3,6
23_1,3,5,8,14,20,28,78,31,25,25,15,22,2,3,6,6,8
23_2,1,3,10,17,25,29,85,30,28,28,22,27,2,7,7,8,4
23_3,3,5,9,15,22,23,77,26,20,27,17,24,2,4,6,7,1
23_4,3,8,13,19,24,28,95,31,25,32,16,32,5,5,6,5,4
23_5,4,9,14,19,24,28,98,32,24,33,15,33,5,5,5,5,4
23_6,3,7,8,8,18,25,69,28,22,25,11,16,4,1,0,10,7
23_7,4,7,7,10,18,25,71,29,21,25,11,17,3,0,3,8,7
23_8,6,8,9,10,19,27,79,33,21,27,11,19,2,1,1,9,8
23_9,5,7,8,10,16,26,72,31,21,23,9,18,2,1,2,6,10
23_10,4,6,7,9,14,26,66,30,22,20,8,16,2,1,2,5,12
24_1,3,7,10,14,21,26,81,29,23,28,14,24,4,3,4,7,5
24_2,3,7,11,16,23,27,87,30,24,30,16,27,4,4,5,7,4
24_3,4,9,12,16,22,25,88,29,21,31,13,28,5,3,4,6,3
24_4,4,9,14,19,24,28,98,32,24,33,15,33,5,5,5,5,4
24_5,4,10,14,19,24,29,100,33,25,34,14,33,6,4,5,5,5
24_6,5,7,8,12,23,29,84,34,24,30,16,20,2,1,4,11,6
24_7,3,5,7,11,21,22,69,25,19,26,16,18,2,2,4,10,1
24_8,3,5,6,10,19,23,66,26,20,24,14,16,2,1,4,9,4
24_9,4,5,6,9,16,23,63,27,19,21,11,15,1,1,3,7,7
24_10,4,6,7,11,17,25,70,29,21,23,11,18,2,1,4,6,8
25_1,4,7,11,15,24,28,89,32,24,31,17,26,3,4,4,9,4
25_2,2,7,12,18,24,27,90,29,25,31,17,30,5,5,6,6,3
25_3,4,9,12,17,21,25,88,29,21,30,12,29,5,3,5,4,4
25_4,4,10,15,20,24,28,101,32,24,34,14,35,6,5,5,4,4
25_5,5,10,15,19,24,28,101,33,23,34,14,34,5,5,4,5,4
25_6,2,6,7,13,26,26,80,28,24,32,20,20,4,1,6,13,0
25_7,3,6,8,15,23,26,81,29,23,29,17,23,3,2,7,8,3
25_8,3,5,8,14,23,24,77,27,21,28,18,22,2,3,6,9,1
25_9,3,4,7,11,20,22,67,25,19,24,16,18,1,3,4,9,2
25_10,4,5,8,13,20,24,74,28,20,25,15,21,1,3,5,7,4
26_1,3,7,9,14,20,25,78,28,22,27,13,23,4,2,5,6,5
26_2,3,8,11,21,26,28,97,31,25,34,18,32,5,3,10,5,2
26_3,4,8,11,18,24,26,91,30,22,32,16,29,4,3,7,6,2
26_4,4,9,13,20,24,28,98,32,24,33,15,33,5,4,7,4,4
26_5,5,10,15,20,24,29,103,34,24,34,14,35,5,5,5,4,5
26_6,4,6,10,16,22,29,87,33,25,28,16,26,2,4,6,6,7
26_7,3,7,10,15,25,29,89,32,26,32,18,25,4,3,5,10,4
26_8,3,4,8,13,23,25,76,28,22,27,19,21,1,4,5,10,2
26_9,4,6,9,14,20,25,78,29,21,26,14,23,2,3,5,6,5
26_10,3,6,8,15,21,26,79,29,23,27,15,23,3,2,7,6,5
27_1,3,4,10,17,23,26,83,29,23,27,19,27,1,6,7,6,3
27_2,4,10,15,19,25,28,101,32,24,35,15,34,6,5,4,6,3
27_3,6,9,12,17,23,27,94,33,21,32,14,29,3,3,5,6,4
27_4,4,9,14,18,23,28,96,32,24,32,14,32,5,5,4,5,5
27_5,4,9,15,19,24,28,99,32,24,33,15,34,5,6,4,5,4
27_6,1,3,4,11,20,23,62,24,22,23,17,15,2,1,7,9,3
27_7,2,6,6,12,18,23,67,25,21,24,12,18,4,0,6,6,5
27_8,4,5,6,12,20,23,70,27,19,25,15,18,1,1,6,8,3
27_9,2,5,5,10,13,24,59,26,22,18,8,15,3,0,5,3,11
27_10,2,6,7,11,15,25,66,27,23,21,9,18,4,1,4,4,10
28_1,2,4,7,13,21,27,74,29,25,25,17,20,2,3,6,8,6
28_2,3,7,11,19,23,27,90,30,24,30,16,30,4,4,8,4,4
28_3,4,9,12,18,23,26,92,30,22,32,14,30,5,3,6,5,3
28_4,4,8,13,18,23,28,94,32,24,31,15,31,4,5,5,5,5
28_5,4,9,14,19,25,29,100,33,25,34,16,33,5,5,5,6,4
28_6,2,7,8,12,21,26,76,28,24,28,14,20,5,1,4,9,5
28_7,1,7,9,15,21,27,80,28,26,28,14,24,6,2,6,6,6
28_8,2,7,9,14,21,26,79,28,24,28,14,23,5,2,5,7,5
28_9,2,6,7,10,19,27,71,29,25,25,13,17,4,1,3,9,8
28_10,3,6,7,10,16,26,68,29,23,22,10,17,3,1,3,6,10
29_1,3,4,8,16,26,27,84,30,24,30,22,24,1,4,8,10,1
29_2,3,7,10,20,25,30,95,33,27,32,18,30,4,3,10,5,5
29_3,3,8,11,20,24,27,93,30,24,32,16,31,5,3,9,4,3
29_4,3,8,12,18,23,28,92,31,25,31,15,30,5,4,6,5,5
29_5,5,10,15,19,25,29,103,34,24,35,15,34,5,5,4,6,4
29_6,2,7,7,14,23,27,80,29,25,30,16,21,5,0,7,9,4
29_7,3,7,7,14,23,28,82,31,25,30,16,21,4,0,7,9,5
29_8,2,3,6,14,23,25,73,27,23,26,20,20,1,3,8,9,2
29_9,2,4,5,13,19,24,67,26,22,23,15,18,2,1,8,6,5
29_10,3,6,8,14,19,25,75,28,22,25,13,22,3,2,6,5,6
30_1,2,3,7,10,22,27,71,29,25,25,19,17,1,4,3,12,5
30_2,2,6,9,18,25,29,89,31,27,31,19,27,4,3,9,7,4
30_3,4,8,11,16,23,26,88,30,22,31,15,27,4,3,5,7,3
30_4,4,8,13,19,24,29,97,33,25,32,16,32,4,5,6,5,5
30_5,4,10,14,19,24,29,100,33,25,34,14,33,6,4,5,5,5
30_6,3,5,7,11,18,23,67,26,20,23,13,18,2,2,4,7,5
30_7,4,6,8,12,19,25,74,29,21,25,13,20,2,2,4,7,6
30_8,3,6,8,13,21,23,74,26,20,27,15,21,3,2,5,8,2
30_9,3,5,7,9,14,22,60,25,19,19,9,16,2,2,2,5,8
30_10,3,7,9,13,18,23,73,26,20,25,11,22,4,2,4,5,5
31_1,2,4,9,17,25,29,86,31,27,29,21,26,2,5,8,8,4
31_2,3,6,13,20,25,29,96,32,26,31,19,33,3,7,7,5,4
31_3,4,8,12,18,23,27,92,31,23,31,15,30,4,4,6,5,4
31_4,4,9,14,19,23,29,98,33,25,32,14,33,5,5,5,4,6
31_5,4,10,15,20,24,29,102,33,25,34,14,35,6,5,5,4,5
31_6,5,6,9,10,24,30,84,35,25,30,18,19,1,3,1,14,6
31_7,3,6,8,11,20,25,73,28,22,26,14,19,3,2,3,9,5
31_8,3,6,7,10,19,24,69,27,21,25,13,17,3,1,3,9,5
31_9,4,5,7,9,19,26,70,30,22,24,14,16,1,2,2,10,7
31_10,3,4,6,10,18,27,68,30,24,22,14,16,1,2,4,8,9
32_1,2,3,9,17,24,28,83,30,26,27,21,26,1,6,8,7,4
32_2,3,6,9,16,23,27,84,30,24,29,17,25,3,3,7,7,4
32_3,3,7,10,17,23,25,85,28,22,30,16,27,4,3,7,6,2
32_4,4,9,14,19,24,28,98,32,24,33,15,33,5,5,5,5,4
32_5,4,10,15,19,24,29,101,33,25,34,14,34,6,5,4,5,5
32_6,2,5,4,9,16,23,59,25,21,21,11,13,3,-1,5,7,7
32_7,2,6,6,14,19,26,73,28,24,25,13,20,4,0,8,5,7
32_8,1,4,4,11,17,26,63,27,25,21,13,15,3,0,7,6,9
32_9,3,5,6,10,14,27,65,30,24,19,9,16,2,1,4,4,13
32_10,3,4,5,9,14,25,60,28,22,18,10,14,1,1,4,5,11
33_1,3,5,7,14,24,26,79,29,23,29,19,21,2,2,7,10,2
33_2,3,9,14,19,26,27,98,30,24,35,17,33,6,5,5,7,1
33_3,4,8,12,16,22,24,86,28,20,30,14,28,4,4,4,6,2
33_4,4,10,15,20,24,28,101,32,24,34,14,35,6,5,5,4,4
33_5,4,10,14,19,24,29,100,33,25,34,14,33,6,4,5,5,5
33_6,1,5,5,10,20,29,70,30,28,25,15,15,4,0,5,10,9
33_7,1,5,5,14,25,28,78,29,27,30,20,19,4,0,9,11,3
33_8,2,4,6,15,21,26,74,28,24,25,17,21,2,2,9,6,5
33_9,3,3,6,13,19,27,71,30,24,22,16,19,0,3,7,6,8
33_10,4,4,7,11,17,24,67,28,20,21,13,18,0,3,4,6,7
34_1,3,7,10,16,22,26,84,29,23,29,15,26,4,3,6,6,4
34_2,4,10,12,18,26,30,100,34,26,36,16,30,6,2,6,8,4
34_3,4,10,12,17,22,26,91,30,22,32,12,29,6,2,5,5,4
34_4,4,9,15,19,24,29,100,33,25,33,15,34,5,6,4,5,5
34_5,4,10,15,19,24,29,101,33,25,34,14,34,6,5,4,5,5
34_6,3,6,10,18,28,31,96,34,28,34,22,28,3,4,8,10,3
34_7,2,5,6,12,21,29,75,31,27,26,16,18,3,1,6,9,8
34_8,3,6,7,15,24,28,83,31,25,30,18,22,3,1,8,9,4
34_9,4,7,10,16,21,25,83,29,21,28,14,26,3,3,6,5,4
34_10,5,9,12,19,25,27,97,32,22,34,16,31,4,3,7,6,2
35_1,3,5,9,16,21,26,80,29,23,26,16,25,2,4,7,5,5
35_2,2,6,11,19,23,29,90,31,27,29,17,30,4,5,8,4,6
35_3,3,8,11,18,25,27,92,30,24,33,17,29,5,3,7,7,2
35_4,4,8,14,19,24,28,97,32,24,32,16,33,4,6,5,5,4
35_5,4,9,14,19,24,28,98,32,24,33,15,33,5,5,5,5,4
35_6,3,7,8,13,24,27,82,30,24,31,17,21,4,1,5,11,3
35_7,1,4,7,15,27,29,83,30,28,31,23,22,3,3,8,12,2
35_8,4,5,6,11,24,28,78,32,24,29,19,17,1,1,5,13,4
35_9,4,5,6,11,21,28,75,32,24,26,16,17,1,1,5,10,7
35_10,3,4,7,11,20,25,70,28,22,24,16,18,1,3,4,9,5
36_1,2,6,9,16,24,27,84,29,25,30,18,25,4,3,7,8,3
36_2,3,7,10,18,22,27,87,30,24,29,15,28,4,3,8,4,5
36_3,4,8,12,17,23,26,90,30,22,31,15,29,4,4,5,6,3
36_4,3,9,14,19,23,28,96,31,25,32,14,33,6,5,5,4,5
36_5,5,10,15,19,25,29,103,34,24,35,15,34,5,5,4,6,4
36_6,2,5,6,12,26,27,78,29,25,31,21,18,3,1,6,14,1
36_7,3,6,7,12,23,28,79,31,25,29,17,19,3,1,5,11,5
36_8,4,6,8,13,25,27,83,31,23,31,19,21,2,2,5,12,2
36_9,4,6,8,13,21,26,78,30,22,27,15,21,2,2,5,8,5
36_10,3,6,7,12,20,25,73,28,22,26,14,19,3,1,5,8,5
37_1,3,8,11,17,23,28,90,31,25,31,15,28,5,3,6,6,5
37_2,2,6,9,16,26,28,87,30,26,32,20,25,4,3,7,10,2
37_3,2,5,9,13,21,25,75,27,23,26,16,22,3,4,4,8,4
37_4,5,10,14,20,24,28,101,33,23,34,14,34,5,4,6,4,4
37_5,4,10,15,20,24,29,102,33,25,34,14,35,6,5,5,4,5
37_6,3,6,8,13,22,26,78,29,23,28,16,21,3,2,5,9,4
37_7,2,5,6,13,23,26,75,28,24,28,18,19,3,1,7,10,3
37_8,3,7,9,13,21,27,80,30,24,28,14,22,4,2,4,8,6
37_9,4,8,11,13,18,23,77,27,19,26,10,24,4,3,2,5,5
37_10,4,6,9,12,19,28,78,32,24,25,13,21,2,3,3,7,9
38_1,3,7,9,13,20,27,79,30,24,27,13,22,4,2,4,7,7
38_2,2,7,8,17,23,28,85,30,26,30,16,25,5,1,9,6,5
38_3,4,8,11,16,23,26,88,30,22,31,15,27,4,3,5,7,3
38_4,4,9,13,19,24,28,97,32,24,33,15,32,5,4,6,5,4
38_5,5,10,14,19,24,28,100,33,23,34,14,33,5,4,5,5,4
38_6,2,4,7,12,22,24,71,26,22,26,18,19,2,3,5,10,2
38_7,2,5,7,13,18,25,70,27,23,23,13,20,3,2,6,5,7
38_8,2,5,9,13,20,24,73,26,22,25,15,22,3,4,4,7,4
38_9,2,4,9,12,19,24,70,26,22,23,15,21,2,5,3,7,5
38_10,2,5,10,12,20,24,73,26,22,25,15,22,3,5,2,8,4
39_1,2,6,7,13,24,28,80,30,26,30,18,20,4,1,6,11,4
39_2,2,6,9,16,24,29,86,31,27,30,18,25,4,3,7,8,5
39_3,4,8,12,17,24,27,92,31,23,32,16,29,4,4,5,7,3
39_4,4,9,13,18,23,28,95,32,24,32,14,31,5,4,5,5,5
39_5,4,10,14,19,24,28,99,32,24,34,14,33,6,4,5,5,4
39_6,3,7,7,12,20,24,73,27,21,27,13,19,4,0,5,8,4
39_7,2,5,7,14,18,25,71,27,23,23,13,21,3,2,7,4,7
39_8,4,7,9,14,19,25,78,29,21,26,12,23,3,2,5,5,6
39_9,6,8,10,13,18,25,80,31,19,26,10,23,2,2,3,5,7
39_10,5,7,10,16,20,25,83,30,20,27,13,26,2,3,6,4,5
40_1,2,3,7,13,20,26,71,28,24,23,17,20,1,4,6,7,6
40_2,3,6,10,16,23,28,86,31,25,29,17,26,3,4,6,7,5
40_3,3,6,10,15,21,24,79,27,21,27,15,25,3,4,5,6,3
40_4,4,9,14,19,24,28,98,32,24,33,15,33,5,5,5,5,4
40_5,4,10,15,19,24,29,101,33,25,34,14,34,6,5,4,5,5
40_6,3,4,6,10,17,30,70,33,27,21,13,16,1,2,4,7,13
40_7,1,2,5,13,20,28,69,29,27,22,18,18,1,3,8,7,8
40_8,3,3,7,12,19,26,70,29,23,22,16,19,0,4,5,7,7
40_9,3,3,6,10,16,25,63,28,22,19,13,16,0,3,4,6,9
40_10,4,5,8,13,20,26,76,30,22,25,15,21,1,3,5,7,6
41_1,2,3,10,16,20,29,80,31,27,23,17,26,1,7,6,4,9
41_2,2,5,11,20,23,29,90,31,27,28,18,31,3,6,9,3,6
41_3,3,7,10,16,22,25,83,28,22,29,15,26,4,3,6,6,3
41_4,4,9,15,20,24,28,100,32,24,33,15,35,5,6,5,4,4
41_5,4,9,15,19,24,29,100,33,25,33,15,34,5,6,4,5,5
41_6,2,4,6,11,20,24,67,26,22,24,16,17,2,2,5,9,4
41_7,2,4,7,10,18,24,65,26,22,22,14,17,2,3,3,8,6
41_8,2,2,5,10,17,24,60,26,22,19,15,15,0,3,5,7,7
41_9,2,4,7,10,16,25,64,27,23,20,12,17,2,3,3,6,9
41_10,2,5,8,12,18,23,68,25,21,23,13,20,3,3,4,6,5
42_1,4,8,11,15,25,28,91,32,24,33,17,26,4,3,4,10,3
42_2,3,8,12,21,25,28,97,31,25,33,17,33,5,4,9,4,3
42_3,4,8,10,15,20,25,82,29,21,28,12,25,4,2,5,5,5
42_4,4,9,13,19,23,27,95,31,23,32,14,32,5,4,6,4,4
42_5,4,10,15,20,24,29,102,33,25,34,14,35,6,5,5,4,5
42_6,1,4,5,13,18,28,69,29,27,22,14,18,3,1,8,5,10
42_7,1,4,5,14,18,29,71,30,28,22,14,19,3,1,9,4,11
42_8,2,3,6,11,19,26,67,28,24,22,16,17,1,3,5,8,7
42_9,4,5,7,12,17,26,71,30,22,22,12,19,1,2,5,5,9
42_10,4,5,7,12,19,28,75,32,24,24,14,19,1,2,5,7,9
43_1,3,7,9,16,21,28,84,31,25,28,14,25,4,2,7,5,7
43_2,1,6,8,18,22,28,83,29,27,28,16,26,5,2,10,4,6
43_3,3,6,10,16,21,25,81,28,22,27,15,26,3,4,6,5,4
43_4,4,9,14,20,25,28,100,32,24,34,16,34,5,5,6,5,3
43_5,4,10,15,20,24,29,102,33,25,34,14,35,6,5,5,4,5
43_6,2,4,7,10,14,30,67,32,28,18,10,17,2,3,3,4,16
43_7,1,4,5,13,20,25,68,26,24,24,16,18,3,1,8,7,5
43_8,1,4,6,12,21,27,71,28,26,25,17,18,3,2,6,9,6
43_9,3,6,7,9,16,26,67,29,23,22,10,16,3,1,2,7,10
43_10,3,6,7,9,15,24,64,27,21,21,9,16,3,1,2,6,9
44_1,1,6,10,16,23,30,86,31,29,29,17,26,5,4,6,7,7
44_2,3,9,12,19,26,30,99,33,27,35,17,31,6,3,7,7,4
44_3,3,8,12,17,23,27,90,30,24,31,15,29,5,4,5,6,4
44_4,4,9,14,19,24,28,98,32,24,33,15,33,5,5,5,5,4
44_5,4,9,15,19,24,28,99,32,24,33,15,34,5,6,4,5,4
44_6,3,5,7,9,20,30,74,33,27,25,15,16,2,2,2,11,10
44_7,2,6,7,9,21,29,74,31,27,27,15,16,4,1,2,12,8
44_8,4,7,8,10,19,28,76,32,24,26,12,18,3,1,2,9,9
44_9,5,7,8,11,16,24,71,29,19,23,9,19,2,1,3,5,8
44_10,4,7,8,11,15,22,67,26,18,22,8,19,3,1,3,4,7
45_1,2,4,10,13,21,27,77,29,25,25,17,23,2,6,3,8,6
45_2,2,7,12,17,24,28,90,30,26,31,17,29,5,5,5,7,4
45_3,4,8,13,19,24,27,95,31,23,32,16,32,4,5,6,5,3
45_4,5,10,15,20,24,28,102,33,23,34,14,35,5,5,5,4,4
45_5,5,10,15,20,24,29,103,34,24,34,14,35,5,5,5,4,5
45_6,4,6,8,12,22,29,81,33,25,28,16,20,2,2,4,10,7
45_7,4,7,9,11,18,23,72,27,19,25,11,20,3,2,2,7,5
45_8,5,8,9,12,21,26,81,31,21,29,13,21,3,1,3,9,5
45_9,5,7,9,12,18,24,75,29,19,25,11,21,2,2,3,6,6
45_10,5,8,9,12,20,27,81,32,22,28,12,21,3,1,3,8,7
46_1,1,5,7,14,20,28,75,29,27,25,15,21,4,2,7,6,8
46_2,1,7,10,18,24,29,89,30,28,31,17,28,6,3,8,6,5
46_3,5,9,13,18,23,26,94,31,21,32,14,31,4,4,5,5,3
46_4,4,10,15,20,23,28,100,32,24,33,13,35,6,5,5,3,5
46_5,4,10,15,19,24,28,100,32,24,34,14,34,6,5,4,5,4
46_6,3,5,10,17,25,29,89,32,26,30,20,27,2,5,7,8,4
46_7,4,7,10,17,22,28,88,32,24,29,15,27,3,3,7,5,6
46_8,4,7,9,14,23,26,83,30,22,30,16,23,3,2,5,9,3
46_9,5,6,7,12,20,26,76,31,21,26,14,19,1,1,5,8,6
46_10,4,6,9,12,19,24,74,28,20,25,13,21,2,3,3,7,5
47_1,2,4,8,14,21,25,74,27,23,25,17,22,2,4,6,7,4
47_2,2,5,8,14,23,25,77,27,23,28,18,22,3,3,6,9,2
47_3,3,7,10,16,23,27,86,30,24,30,16,26,4,3,6,7,4
47_4,4,8,13,18,24,28,95,32,24,32,16,31,4,5,5,6,4
47_5,4,9,14,19,24,28,98,32,24,33,15,33,5,5,5,5,4
47_6,2,5,8,9,20,29,73,31,27,25,15,17,3,3,1,11,9
47_7,3,5,8,9,19,27,71,30,24,24,14,17,2,3,1,10,8
47_8,4,7,8,11,21,26,77,30,22,28,14,19,3,1,3,10,5
47_9,4,6,7,10,20,27,74,31,23,26,14,17,2,1,3,10,7
47_10,4,7,8,11,18,24,72,28,20,25,11,19,3,1,3,7,6
48_1,2,5,8,18,22,28,83,30,26,27,17,26,3,3,10,4,6
48_2,1,5,8,18,24,29,85,30,28,29,19,26,4,3,10,6,5
48_3,4,8,12,16,24,26,90,30,22,32,16,28,4,4,4,8,2
48_4,4,8,14,19,24,28,97,32,24,32,16,33,4,6,5,5,4
48_5,5,10,15,20,24,29,103,34,24,34,14,35,5,5,5,4,5
48_6,5,6,8,15,25,27,86,32,22,31,19,23,1,2,7,10,2
48_7,1,3,6,15,22,25,72,26,24,25,19,21,2,3,9,7,3
48_8,4,5,6,12,18,24,69,28,20,23,13,18,1,1,6,6,6
48_9,5,6,7,11,17,23,69,28,18,23,11,18,1,1,4,6,6
48_10,4,6,7,13,18,24,72,28,20,24,12,20,2,1,6,5,6
49_1,2,2,7,17,23,27,78,29,25,25,21,24,0,5,10,6,4
49_2,3,5,11,21,24,28,92,31,25,29,19,32,2,6,10,3,4
49_3,3,6,10,17,22,26,84,29,23,28,16,27,3,4,7,5,4
49_4,3,9,14,20,23,28,97,31,25,32,14,34,6,5,6,3,5
49_5,4,9,15,19,24,28,99,32,24,33,15,34,5,6,4,5,4
49_6,2,5,6,13,22,25,73,27,23,27,17,19,3,1,7,9,3
49_7,1,3,5,11,21,25,66,26,24,24,18,16,2,2,6,10,4
49_8,1,4,5,10,19,23,62,24,22,23,15,15,3,1,5,9,4
49_9,2,4,5,8,17,23,59,25,21,21,13,13,2,1,3,9,6
49_10,2,5,8,12,18,22,67,24,20,23,13,20,3,3,4,6,4
50_1,1,5,7,13,21,26,73,27,25,26,16,20,4,2,6,8,5
50_2,2,6,8,17,24,28,85,30,26,30,18,25,4,2,9,7,4
50_3,4,8,11,17,23,25,88,29,21,31,15,28,4,3,6,6,2
50_4,4,9,13,20,24,29,99,33,25,33,15,33,5,4,7,4,5
50_5,4,9,14,19,23,28,97,32,24,32,14,33,5,5,5,4,5
50_6,4,7,9,12,19,25,76,29,21,26,12,21,3,2,3,7,6
50_7,5,6,8,13,21,24,77,29,19,27,15,21,1,2,5,8,3
50_8,4,7,10,12,19,22,74,26,18,26,12,22,3,3,2,7,3
50_9,6,9,11,13,19,22,80,28,16,28,10,24,3,2,2,6,3
50_10,5,9,11,15,19,22,81,27,17,28,10,26,4,2,4,4,3
