row,red1,red2,red3,red4,red5,red6,red_sum_all,red_sum16,red_gap16,red_sum25,red_gap25,red_sum34,red_gap12,red_gap23,red_gap34,red_gap45,red_gap56
1_1,5,12,17,23,27,30,114,35,25,39,15,40,7,5,6,4,3
1_2,6,10,16,21,28,30,111,36,24,38,18,37,4,6,5,7,2
1_3,3,7,11,15,20,26,82,29,23,27,13,26,4,4,4,5,6
1_4,4,8,13,18,23,27,93,31,23,31,15,31,4,5,5,5,4
1_5,4,8,14,19,24,28,97,32,24,32,16,33,4,6,5,5,4
1_6,1,5,10,12,17,25,70,26,24,22,12,22,4,5,2,5,8
1_7,1,5,14,14,18,24,76,25,23,23,13,28,4,9,0,4,6
1_8,1,7,14,14,19,28,83,29,27,26,12,28,6,7,0,5,9
1_9,0,7,13,14,21,26,81,26,26,28,14,27,7,6,1,7,5
1_10,2,10,15,17,23,28,95,30,26,33,13,32,8,5,2,6,5
2_1,5,9,16,22,25,29,106,34,24,34,16,38,4,7,6,3,4
2_2,6,8,18,19,26,30,107,36,24,34,18,37,2,10,1,7,4
2_3,3,7,13,17,20,26,86,29,23,27,13,30,4,6,4,3,6
2_4,4,8,13,19,23,28,95,32,24,31,15,32,4,5,6,4,5
2_5,4,8,14,19,24,28,97,32,24,32,16,33,4,6,5,5,4
2_6,4,8,11,16,25,31,95,35,27,33,17,27,4,3,5,9,6
2_7,4,6,11,15,20,30,86,34,26,26,14,26,2,5,4,5,10
2_8,4,7,16,19,24,30,100,34,26,31,17,35,3,9,3,5,6
2_9,2,6,11,14,22,28,83,30,26,28,16,25,4,5,3,8,6
2_10,5,10,15,17,26,31,104,36,26,36,16,32,5,5,2,9,5
3_1,2,7,12,20,26,31,98,33,29,33,19,32,5,5,8,6,5
3_2,9,12,18,23,27,28,117,37,19,39,15,41,3,6,5,4,1
3_3,4,7,13,18,21,24,87,28,20,28,14,31,3,6,5,3,3
3_4,3,8,12,18,23,27,91,30,24,31,15,30,5,4,6,5,4
3_5,4,9,14,19,24,28,98,32,24,33,15,33,5,5,5,5,4
3_6,2,7,12,16,25,28,90,30,26,32,18,28,5,5,4,9,3
3_7,2,7,13,15,20,25,82,27,23,27,13,28,5,6,2,5,5
3_8,2,9,17,16,19,27,90,29,25,28,10,33,7,8,-1,3,8
3_9,2,9,14,14,19,25,83,27,23,28,10,28,7,5,0,5,6
3_10,2,9,15,17,21,26,90,28,24,30,12,32,7,6,2,4,5
4_1,1,7,13,19,27,29,96,30,28,34,20,32,6,6,6,8,2
4_2,7,12,18,22,25,29,113,36,22,37,13,40,5,6,4,3,4
4_3,3,7,12,18,21,26,87,29,23,28,14,30,4,5,6,3,5
4_4,3,8,12,18,23,28,92,31,25,31,15,30,5,4,6,5,5
4_5,4,9,13,19,24,28,97,32,24,33,15,32,5,4,6,5,4
4_6,4,8,14,15,20,25,86,29,21,28,12,29,4,6,1,5,5
4_7,3,6,12,14,21,24,80,27,21,27,15,26,3,6,2,7,3
4_8,3,9,13,18,22,26,91,29,23,31,13,31,6,4,5,4,4
4_9,3,8,14,17,22,27,91,30,24,30,14,31,5,6,3,5,5
4_10,4,11,15,18,24,28,100,32,24,35,13,33,7,4,3,6,4
5_1,2,11,18,22,26,29,108,31,27,37,15,40,9,7,4,4,3
5_2,8,11,19,21,27,29,115,37,21,38,16,40,3,8,2,6,2
5_3,4,7,13,16,20,26,86,30,22,27,13,29,3,6,3,4,6
5_4,4,8,12,19,23,28,94,32,24,31,15,31,4,4,7,4,5
5_5,4,9,13,19,24,28,97,32,24,33,15,32,5,4,6,5,4
5_6,1,10,12,14,26,28,91,29,27,36,16,26,9,2,2,12,2
5_7,1,7,11,15,25,29,88,30,28,32,18,26,6,4,4,10,4
5_8,1,6,13,14,23,30,87,31,29,29,17,27,5,7,1,9,7
5_9,1,8,13,14,23,30,89,31,29,31,15,27,7,5,1,9,7
5_10,4,10,14,15,25,30,98,34,26,35,15,29,6,4,1,10,5
6_1,2,7,12,20,25,28,94,30,26,32,18,32,5,5,8,5,3
6_2,6,9,17,21,28,30,111,36,24,37,19,38,3,8,4,7,2
6_3,3,6,13,17,23,27,89,30,24,29,17,30,3,7,4,6,4
6_4,3,8,12,18,23,27,91,30,24,31,15,30,5,4,6,5,4
6_5,4,8,13,19,24,28,96,32,24,32,16,32,4,5,6,5,4
6_6,2,6,12,11,19,21,71,23,19,25,13,23,4,6,-1,8,2
6_7,5,7,12,13,17,23,77,28,18,24,10,25,2,5,1,4,6
6_8,2,9,13,15,20,27,86,29,25,29,11,28,7,4,2,5,7
6_9,2,11,15,18,23,26,95,28,24,34,12,33,9,4,3,5,3
6_10,4,12,15,19,24,28,102,32,24,36,12,34,8,3,4,5,4
7_1,3,6,15,19,28,30,101,33,27,34,22,34,3,9,4,9,2
7_2,11,13,17,21,28,30,120,41,19,41,15,38,2,4,4,7,2
7_3,4,7,13,18,22,27,91,31,23,29,15,31,3,6,5,4,5
7_4,3,7,11,17,22,27,87,30,24,29,15,28,4,4,6,5,5
7_5,4,8,13,18,24,28,95,32,24,32,16,31,4,5,5,6,4
7_6,2,7,11,13,24,28,85,30,26,31,17,24,5,4,2,11,4
7_7,3,9,12,12,21,26,83,29,23,30,12,24,6,3,0,9,5
7_8,2,8,12,15,24,27,88,29,25,32,16,27,6,4,3,9,3
7_9,3,9,15,17,26,28,98,31,25,35,17,32,6,6,2,9,2
7_10,7,11,16,17,25,29,105,36,22,36,14,33,4,5,1,8,4
8_1,3,11,17,22,26,29,108,32,26,37,15,39,8,6,5,4,3
8_2,9,14,18,21,27,31,120,40,22,41,13,39,5,4,3,6,4
8_3,4,7,13,18,22,26,90,30,22,29,15,31,3,6,5,4,4
8_4,4,8,13,19,22,28,94,32,24,30,14,32,4,5,6,3,6
8_5,4,8,14,19,24,29,98,33,25,32,16,33,4,6,5,5,5
8_6,3,7,13,13,21,28,85,31,25,28,14,26,4,6,0,8,7
8_7,1,11,16,16,22,27,93,28,26,33,11,32,10,5,0,6,5
8_8,3,16,20,20,26,27,112,30,24,42,10,40,13,4,0,6,1
8_9,2,14,17,18,24,27,102,29,25,38,10,35,12,3,1,6,3
8_10,4,13,15,17,21,25,95,29,21,34,8,32,9,2,2,4,4
9_1,1,9,14,18,25,30,97,31,29,34,16,32,8,5,4,7,5
9_2,5,7,16,21,25,29,103,34,24,32,18,37,2,9,5,4,4
9_3,4,7,12,17,22,26,88,30,22,29,15,29,3,5,5,5,4
9_4,3,8,12,17,23,27,90,30,24,31,15,29,5,4,5,6,4
9_5,4,8,13,18,24,28,95,32,24,32,16,31,4,5,5,6,4
9_6,2,9,13,16,22,23,85,25,21,31,13,29,7,4,3,6,1
9_7,2,11,14,16,22,23,88,25,21,33,11,30,9,3,2,6,1
9_8,4,10,17,16,22,22,91,26,18,32,12,33,6,7,-1,6,0
9_9,4,9,17,22,28,28,108,32,24,37,19,39,5,8,5,6,0
9_10,5,10,17,20,25,26,103,31,21,35,15,37,5,7,3,5,1
10_1,2,7,15,22,25,27,98,29,25,32,18,37,5,8,7,3,2
10_2,11,16,20,25,28,31,131,42,20,44,12,45,5,4,5,3,3
10_3,4,8,14,19,22,27,94,31,23,30,14,33,4,6,5,3,5
10_4,3,8,13,18,22,27,91,30,24,30,14,31,5,5,5,4,5
10_5,4,9,14,19,24,28,98,32,24,33,15,33,5,5,5,5,4
10_6,2,7,12,15,22,24,82,26,22,29,15,27,5,5,3,7,2
10_7,2,6,9,12,18,25,72,27,23,24,12,21,4,3,3,6,7
10_8,1,8,13,16,22,27,87,28,26,30,14,29,7,5,3,6,5
10_9,1,10,15,18,24,25,93,26,24,34,14,33,9,5,3,6,1
10_10,3,12,17,20,26,27,105,30,24,38,14,37,9,5,3,6,1
11_1,10,14,16,24,28,30,122,40,20,42,14,40,4,2,8,4,2
11_2,7,10,18,22,28,28,113,35,21,38,18,40,3,8,4,6,0
11_3,4,6,13,17,22,26,88,30,22,28,16,30,2,7,4,5,4
11_4,4,8,12,17,22,27,90,31,23,30,14,29,4,4,5,5,5
11_5,4,9,13,19,24,28,97,32,24,33,15,32,5,4,6,5,4
11_6,0,8,11,14,22,25,80,25,25,30,14,25,8,3,3,8,3
11_7,2,9,11,13,22,26,83,28,24,31,13,24,7,2,2,9,4
11_8,3,11,16,18,26,28,102,31,25,37,15,34,8,5,2,8,2
11_9,3,10,15,17,26,30,101,33,27,36,16,32,7,5,2,9,4
11_10,4,10,16,18,26,30,104,34,26,36,16,34,6,6,2,8,4
12_1,4,8,14,19,26,30,101,34,26,34,18,33,4,6,5,7,4
12_2,6,10,19,22,26,29,112,35,23,36,16,41,4,9,3,4,3
12_3,3,7,14,18,21,26,89,29,23,28,14,32,4,7,4,3,5
12_4,4,8,13,18,23,28,94,32,24,31,15,31,4,5,5,5,5
12_5,4,9,14,19,24,28,98,32,24,33,15,33,5,5,5,5,4
12_6,2,10,17,20,28,31,108,33,29,38,18,37,8,7,3,8,3
12_7,4,9,14,18,25,31,101,35,27,34,16,32,5,5,4,7,6
12_8,3,12,16,21,30,33,115,36,30,42,18,37,9,4,5,9,3
12_9,1,9,14,20,28,31,103,32,30,37,19,34,8,5,6,8,3
12_10,3,11,16,19,26,30,105,33,27,37,15,35,8,5,3,7,4
13_1,0,4,8,14,21,25,72,25,25,25,17,22,4,4,6,7,4
13_2,8,11,20,25,28,30,122,38,22,39,17,45,3,9,5,3,2
13_3,4,6,13,18,22,26,89,30,22,28,16,31,2,7,5,4,4
13_4,3,7,12,18,23,27,90,30,24,30,16,30,4,5,6,5,4
13_5,3,8,13,19,24,29,96,32,26,32,16,32,5,5,6,5,5
13_6,3,12,14,18,22,29,98,32,26,34,10,32,9,2,4,4,7
13_7,3,12,16,18,23,29,101,32,26,35,11,34,9,4,2,5,6
13_8,2,12,15,19,23,28,99,30,26,35,11,34,10,3,4,4,5
13_9,2,9,12,14,19,25,81,27,23,28,10,26,7,3,2,5,6
13_10,4,10,13,15,21,25,88,29,21,31,11,28,6,3,2,6,4
14_1,3,7,13,17,26,27,93,30,24,33,19,30,4,6,4,9,1
14_2,6,9,17,20,25,28,105,34,22,34,16,37,3,8,3,5,3
14_3,3,6,11,16,20,25,81,28,22,26,14,27,3,5,5,4,5
14_4,4,8,14,19,24,28,97,32,24,32,16,33,4,6,5,5,4
14_5,4,8,14,19,24,28,97,32,24,32,16,33,4,6,5,5,4
14_6,3,6,9,10,18,25,71,28,22,24,12,19,3,3,1,8,7
14_7,1,5,6,10,17,24,63,25,23,22,12,16,4,1,4,7,7
14_8,1,5,8,12,17,27,70,28,26,22,12,20,4,3,4,5,10
14_9,3,10,12,15,23,29,92,32,26,33,13,27,7,2,3,8,6
14_10,4,12,14,18,24,28,100,32,24,36,12,32,8,2,4,6,4
15_1,3,9,16,20,24,29,101,32,26,33,15,36,6,7,4,4,5
15_2,8,11,18,24,27,31,119,39,23,38,16,42,3,7,6,3,4
15_3,4,8,12,17,22,27,90,31,23,30,14,29,4,4,5,5,5
15_4,4,9,13,18,23,27,94,31,23,32,14,31,5,4,5,5,4
15_5,4,9,14,19,24,28,98,32,24,33,15,33,5,5,5,5,4
15_6,3,9,12,16,24,27,91,30,24,33,15,28,6,3,4,8,3
15_7,5,8,12,15,21,26,87,31,21,29,13,27,3,4,3,6,5
15_8,4,9,13,15,21,26,88,30,22,30,12,28,5,4,2,6,5
15_9,3,8,13,15,23,25,87,28,22,31,15,28,5,5,2,8,2
15_10,3,9,13,16,24,27,92,30,24,33,15,29,6,4,3,8,3
16_1,2,4,12,18,22,26,84,28,24,26,18,30,2,8,6,4,4
16_2,7,8,16,19,25,27,102,34,20,33,17,35,1,8,3,6,2
16_3,3,7,14,18,23,26,91,29,23,30,16,32,4,7,4,5,3
16_4,4,9,13,18,23,27,94,31,23,32,14,31,5,4,5,5,4
16_5,4,9,14,19,24,28,98,32,24,33,15,33,5,5,5,5,4
16_6,3,8,13,14,19,27,84,30,24,27,11,27,5,5,1,5,8
16_7,3,5,9,11,17,27,72,30,24,22,12,20,2,4,2,6,10
16_8,2,6,12,13,18,27,78,29,25,24,12,25,4,6,1,5,9
16_9,1,7,13,16,23,29,89,30,28,30,16,29,6,6,3,7,6
16_10,6,12,17,20,25,29,109,35,23,37,13,37,6,5,3,5,4
17_1,2,7,15,17,22,27,90,29,25,29,15,32,5,8,2,5,5
17_2,3,6,16,20,25,27,97,30,24,31,19,36,3,10,4,5,2
17_3,2,5,12,17,22,27,85,29,25,27,17,29,3,7,5,5,5
17_4,4,8,13,18,22,27,92,31,23,30,14,31,4,5,5,4,5
17_5,4,9,14,19,24,29,99,33,25,33,15,33,5,5,5,5,5
17_6,5,8,11,14,22,24,84,29,19,30,14,25,3,3,3,8,2
17_7,6,9,13,19,23,25,95,31,19,32,14,32,3,4,6,4,2
17_8,4,8,12,16,19,23,82,27,19,27,11,28,4,4,4,3,4
17_9,3,8,13,16,21,25,86,28,22,29,13,29,5,5,3,5,4
17_10,6,13,17,19,23,27,105,33,21,36,10,36,7,4,2,4,4
18_1,3,8,15,17,20,27,90,30,24,28,12,32,5,7,2,3,7
18_2,4,10,16,20,25,29,104,33,25,35,15,36,6,6,4,5,4
18_3,3,8,14,19,22,25,91,28,22,30,14,33,5,6,5,3,3
18_4,3,8,13,18,23,28,93,31,25,31,15,31,5,5,5,5,5
18_5,4,9,14,19,24,28,98,32,24,33,15,33,5,5,5,5,4
18_6,3,9,13,15,20,23,83,26,20,29,11,28,6,4,2,5,3
18_7,2,10,15,16,19,24,86,26,22,29,9,31,8,5,1,3,5
18_8,4,10,16,19,23,28,100,32,24,33,13,35,6,6,3,4,5
18_9,5,11,15,17,22,29,99,34,24,33,11,32,6,4,2,5,7
18_10,6,12,15,19,23,30,105,36,24,35,11,34,6,3,4,4,7
19_1,2,5,12,18,25,28,90,30,26,30,20,30,3,7,6,7,3
19_2,8,11,17,20,26,28,110,36,20,37,15,37,3,6,3,6,2
19_3,4,7,12,17,23,26,89,30,22,30,16,29,3,5,5,6,3
19_4,4,8,12,18,23,27,92,31,23,31,15,30,4,4,6,5,4
19_5,4,8,13,19,24,28,96,32,24,32,16,32,4,5,6,5,4
19_6,4,10,13,13,23,26,89,30,22,33,13,26,6,3,0,10,3
19_7,2,9,12,13,19,25,80,27,23,28,10,25,7,3,1,6,6
19_8,2,10,17,18,24,29,100,31,27,34,14,35,8,7,1,6,5
19_9,3,9,14,15,24,29,94,32,26,33,15,29,6,5,1,9,5
19_10,4,13,16,19,25,28,105,32,24,38,12,35,9,3,3,6,3
20_1,1,7,13,19,24,28,92,29,27,31,17,32,6,6,6,5,4
20_2,5,10,15,21,27,30,108,35,25,37,17,36,5,5,6,6,3
20_3,4,7,13,18,22,26,90,30,22,29,15,31,3,6,5,4,4
20_4,3,7,12,17,22,26,87,29,23,29,15,29,4,5,5,5,4
20_5,4,8,13,19,24,28,96,32,24,32,16,32,4,5,6,5,4
20_6,6,11,11,13,26,31,98,37,25,37,15,24,5,0,2,13,5
20_7,4,10,11,12,21,28,86,32,24,31,11,23,6,1,1,9,7
20_8,2,9,13,13,19,27,83,29,25,28,10,26,7,4,0,6,8
20_9,1,9,12,14,20,28,84,29,27,29,11,26,8,3,2,6,8
20_10,5,11,13,14,21,27,91,32,22,32,10,27,6,2,1,7,6
21_1,3,7,13,17,24,27,91,30,24,31,17,30,4,6,4,7,3
21_2,6,9,16,22,25,27,105,33,21,34,16,38,3,7,6,3,2
21_3,2,6,13,17,20,25,83,27,23,26,14,30,4,7,4,3,5
21_4,3,8,12,17,22,27,89,30,24,30,14,29,5,4,5,5,5
21_5,4,9,14,19,24,28,98,32,24,33,15,33,5,5,5,5,4
21_6,4,7,13,15,23,27,89,31,23,30,16,28,3,6,2,8,4
21_7,3,7,14,16,23,28,91,31,25,30,16,30,4,7,2,7,5
21_8,5,7,12,14,22,28,88,33,23,29,15,26,2,5,2,8,6
21_9,5,10,12,15,23,28,93,33,23,33,13,27,5,2,3,8,5
21_10,6,11,14,18,23,30,102,36,24,34,12,32,5,3,4,5,7
22_1,2,9,13,18,27,29,98,31,27,36,18,31,7,4,5,9,2
22_2,7,11,18,20,25,28,109,35,21,36,14,38,4,7,2,5,3
22_3,3,7,13,19,23,27,92,30,24,30,16,32,4,6,6,4,4
22_4,4,8,12,18,23,27,92,31,23,31,15,30,4,4,6,5,4
22_5,4,8,13,19,24,29,97,33,25,32,16,32,4,5,6,5,5
22_6,10,13,17,19,25,29,113,39,19,38,12,36,3,4,2,6,4
22_7,6,8,14,17,25,27,97,33,21,33,17,31,2,6,3,8,2
22_8,5,10,16,19,25,30,105,35,25,35,15,35,5,6,3,6,5
22_9,3,10,15,18,26,29,101,32,26,36,16,33,7,5,3,8,3
22_10,5,13,16,18,24,29,105,34,24,37,11,34,8,3,2,6,5
23_1,1,7,15,19,27,30,99,31,29,34,20,34,6,8,4,8,3
23_2,4,7,13,18,22,27,91,31,23,29,15,31,3,6,5,4,5
23_3,4,7,12,16,19,26,84,30,22,26,12,28,3,5,4,3,7
23_4,4,8,12,18,23,28,93,32,24,31,15,30,4,4,6,5,5
23_5,4,9,14,19,24,28,98,32,24,33,15,33,5,5,5,5,4
23_6,2,8,11,13,22,28,84,30,26,30,14,24,6,3,2,9,6
23_7,2,8,12,12,19,26,79,28,24,27,11,24,6,4,0,7,7
23_8,2,11,17,16,23,27,96,29,25,34,12,33,9,6,-1,7,4
23_9,3,9,14,13,21,26,86,29,23,30,12,27,6,5,-1,8,5
23_10,5,11,13,14,20,27,90,32,22,31,9,27,6,2,1,6,7
24_1,1,6,14,19,25,28,93,29,27,31,19,33,5,8,5,6,3
24_2,9,15,20,23,27,31,125,40,22,42,12,43,6,5,3,4,4
24_3,3,5,11,18,23,25,85,28,22,28,18,29,2,6,7,5,2
24_4,3,7,12,18,23,27,90,30,24,30,16,30,4,5,6,5,4
24_5,4,8,13,19,24,28,96,32,24,32,16,32,4,5,6,5,4
24_6,2,8,11,12,23,28,84,30,26,31,15,23,6,3,1,11,5
24_7,2,7,10,11,21,27,78,29,25,28,14,21,5,3,1,10,6
24_8,4,7,12,13,21,27,84,31,23,28,14,25,3,5,1,8,6
24_9,2,6,12,14,21,29,84,31,27,27,15,26,4,6,2,7,8
24_10,4,10,13,16,21,30,94,34,26,31,11,29,6,3,3,5,9
25_1,2,9,15,19,24,28,97,30,26,33,15,34,7,6,4,5,4
25_2,6,10,16,19,26,29,106,35,23,36,16,35,4,6,3,7,3
25_3,3,7,12,17,20,26,85,29,23,27,13,29,4,5,5,3,6
25_4,3,8,12,17,23,27,90,30,24,31,15,29,5,4,5,6,4
25_5,4,8,14,19,24,28,97,32,24,32,16,33,4,6,5,5,4
25_6,6,9,11,17,23,28,94,34,22,32,14,28,3,2,6,6,5
25_7,3,6,11,16,18,27,81,30,24,24,12,27,3,5,5,2,9
25_8,2,7,13,17,22,28,89,30,26,29,15,30,5,6,4,5,6
25_9,2,7,14,18,23,29,93,31,27,30,16,32,5,7,4,5,6
25_10,6,11,15,20,25,29,106,35,23,36,14,35,5,4,5,5,4
26_1,3,10,15,22,25,28,103,31,25,35,15,37,7,5,7,3,3
26_2,6,11,18,20,25,29,109,35,23,36,14,38,5,7,2,5,4
26_3,3,6,11,15,20,25,80,28,22,26,14,26,3,5,4,5,5
26_4,3,8,12,18,23,27,91,30,24,31,15,30,5,4,6,5,4
26_5,4,8,13,19,24,28,96,32,24,32,16,32,4,5,6,5,4
26_6,4,8,9,12,21,28,82,32,24,29,13,21,4,1,3,9,7
26_7,3,7,9,12,18,29,78,32,26,25,11,21,4,2,3,6,11
26_8,2,7,11,13,17,28,78,30,26,24,10,24,5,4,2,4,11
26_9,2,7,12,12,17,27,77,29,25,24,10,24,5,5,0,5,10
26_10,4,11,13,16,25,28,97,32,24,36,14,29,7,2,3,9,3
27_1,3,7,14,17,24,28,93,31,25,31,17,31,4,7,3,7,4
27_2,5,8,16,18,26,28,101,33,23,34,18,34,3,8,2,8,2
27_3,3,6,12,18,22,26,87,29,23,28,16,30,3,6,6,4,4
27_4,3,8,12,18,23,27,91,30,24,31,15,30,5,4,6,5,4
27_5,4,8,14,19,24,29,98,33,25,32,16,33,4,6,5,5,5
27_6,2,9,12,15,23,28,89,30,26,32,14,27,7,3,3,8,5
27_7,1,8,9,15,20,26,79,27,25,28,12,24,7,1,6,5,6
27_8,1,9,14,20,21,27,92,28,26,30,12,34,8,5,6,1,6
27_9,2,8,11,17,23,25,86,27,23,31,15,28,6,3,6,6,2
27_10,5,11,14,19,24,29,102,34,24,35,13,33,6,3,5,5,5
28_1,4,10,14,18,26,29,101,33,25,36,16,32,6,4,4,8,3
28_2,8,11,18,21,27,29,114,37,21,38,16,39,3,7,3,6,2
28_3,4,6,13,17,20,26,86,30,22,26,14,30,2,7,4,3,6
28_4,3,8,12,17,22,27,89,30,24,30,14,29,5,4,5,5,5
28_5,4,8,14,19,24,28,97,32,24,32,16,33,4,6,5,5,4
28_6,4,8,10,9,20,24,75,28,20,28,12,19,4,2,-1,11,4
28_7,3,7,10,11,19,22,72,25,19,26,12,21,4,3,1,8,3
28_8,3,11,14,15,22,27,92,30,24,33,11,29,8,3,1,7,5
28_9,3,11,13,14,22,25,88,28,22,33,11,27,8,2,1,8,3
28_10,4,11,13,14,22,26,90,30,22,33,11,27,7,2,1,8,4
29_1,3,8,13,16,26,31,97,34,28,34,18,29,5,5,3,10,5
29_2,8,11,17,19,26,29,110,37,21,37,15,36,3,6,2,7,3
29_3,3,6,12,18,22,27,88,30,24,28,16,30,3,6,6,4,5
29_4,3,8,12,18,23,28,92,31,25,31,15,30,5,4,6,5,5
29_5,4,9,13,18,24,28,96,32,24,33,15,31,5,4,5,6,4
29_6,2,8,12,14,19,28,83,30,26,27,11,26,6,4,2,5,9
29_7,1,9,11,12,20,28,81,29,27,29,11,23,8,2,1,8,8
29_8,2,10,13,14,23,27,89,29,25,33,13,27,8,3,1,9,4
29_9,2,11,14,14,21,28,90,30,26,32,10,28,9,3,0,7,7
29_10,5,11,15,16,23,29,99,34,24,34,12,31,6,4,1,7,6
30_1,4,10,14,19,25,29,101,33,25,35,15,33,6,4,5,6,4
30_2,8,14,19,24,28,31,124,39,23,42,14,43,6,5,5,4,3
30_3,3,7,14,18,22,27,91,30,24,29,15,32,4,7,4,4,5
30_4,4,8,13,19,24,28,96,32,24,32,16,32,4,5,6,5,4
30_5,4,8,13,19,24,28,96,32,24,32,16,32,4,5,6,5,4
30_6,5,10,17,17,20,28,97,33,23,30,10,34,5,7,0,3,8
30_7,6,11,18,17,21,28,101,34,22,32,10,35,5,7,-1,4,7
30_8,5,12,16,17,20,28,98,33,23,32,8,33,7,4,1,3,8
30_9,5,11,16,16,22,29,99,34,24,33,11,32,6,5,0,6,7
30_10,6,12,17,17,23,30,105,36,24,35,11,34,6,5,0,6,7
31_1,3,9,12,16,24,27,91,30,24,33,15,28,6,3,4,8,3
31_2,6,8,15,22,28,30,109,36,24,36,20,37,2,7,7,6,2
31_3,3,5,12,18,22,25,85,28,22,27,17,30,2,7,6,4,3
31_4,4,8,12,19,24,27,94,31,23,32,16,31,4,4,7,5,3
31_5,4,8,13,19,24,29,97,33,25,32,16,32,4,5,6,5,5
31_6,5,9,13,17,23,29,96,34,24,32,14,30,4,4,4,6,6
31_7,3,7,12,16,19,26,83,29,23,26,12,28,4,5,4,3,7
31_8,2,9,15,17,21,29,93,31,27,30,12,32,7,6,2,4,8
31_9,2,8,13,16,22,29,90,31,27,30,14,29,6,5,3,6,7
31_10,4,10,15,18,22,28,97,32,24,32,12,33,6,5,3,4,6
32_1,3,6,14,19,27,28,97,31,25,33,21,33,3,8,5,8,1
32_2,7,8,17,20,25,29,106,36,22,33,17,37,1,9,3,5,4
32_3,4,7,12,17,20,25,85,29,21,27,13,29,3,5,5,3,5
32_4,4,8,12,19,24,28,95,32,24,32,16,31,4,4,7,5,4
32_5,4,8,13,19,24,28,96,32,24,32,16,32,4,5,6,5,4
32_6,3,10,16,17,26,29,101,32,26,36,16,33,7,6,1,9,3
32_7,3,10,18,19,24,29,103,32,26,34,14,37,7,8,1,5,5
32_8,3,11,16,19,23,29,101,32,26,34,12,35,8,5,3,4,6
32_9,3,12,16,18,22,25,96,28,22,34,10,34,9,4,2,4,3
32_10,7,15,19,21,23,27,112,34,20,38,8,40,8,4,2,2,4
33_1,3,8,13,18,24,30,96,33,27,32,16,31,5,5,5,6,6
33_2,8,12,18,24,27,30,119,38,22,39,15,42,4,6,6,3,3
33_3,2,7,13,17,22,27,88,29,25,29,15,30,5,6,4,5,5
33_4,4,8,13,19,24,28,96,32,24,32,16,32,4,5,6,5,4
33_5,4,8,13,19,24,28,96,32,24,32,16,32,4,5,6,5,4
33_6,3,6,9,13,21,26,78,29,23,27,15,22,3,3,4,8,5
33_7,3,7,11,16,20,26,83,29,23,27,13,27,4,4,5,4,6
33_8,4,9,16,19,21,28,97,32,24,30,12,35,5,7,3,2,7
33_9,5,10,15,19,23,28,100,33,23,33,13,34,5,5,4,4,5
33_10,6,12,17,21,26,29,111,35,23,38,14,38,6,5,4,5,3
34_1,2,5,12,18,23,26,86,28,24,28,18,30,3,7,6,5,3
34_2,7,9,19,22,26,28,111,35,21,35,17,41,2,10,3,4,2
34_3,2,6,12,17,21,26,84,28,24,27,15,29,4,6,5,4,5
34_4,3,7,12,19,23,28,92,31,25,30,16,31,4,5,7,4,5
34_5,4,8,13,19,24,29,97,33,25,32,16,32,4,5,6,5,5
34_6,4,8,12,15,24,30,93,34,26,32,16,27,4,4,3,9,6
34_7,3,7,9,12,19,29,79,32,26,26,12,21,4,2,3,7,10
34_8,4,12,17,21,25,31,110,35,27,37,13,38,8,5,4,4,6
34_9,4,10,14,18,21,29,96,33,25,31,11,32,6,4,4,3,8
34_10,5,11,15,20,22,29,102,34,24,33,11,35,6,4,5,2,7
35_1,3,8,12,14,23,30,90,33,27,31,15,26,5,4,2,9,7
35_2,7,10,19,22,27,30,115,37,23,37,17,41,3,9,3,5,3
35_3,4,8,14,19,22,27,94,31,23,30,14,33,4,6,5,3,5
35_4,4,8,13,18,23,28,94,32,24,31,15,31,4,5,5,5,5
35_5,4,8,13,18,24,28,95,32,24,32,16,31,4,5,5,6,4
35_6,2,6,9,11,17,29,74,31,27,23,11,20,4,3,2,6,12
35_7,2,5,10,12,18,26,73,28,24,23,13,22,3,5,2,6,8
35_8,3,12,14,14,22,29,94,32,26,34,10,28,9,2,0,8,7
35_9,3,11,13,14,23,27,91,30,24,34,12,27,8,2,1,9,4
35_10,4,11,13,15,23,29,95,33,25,34,12,28,7,2,2,8,6
36_1,3,11,17,21,26,29,107,32,26,37,15,38,8,6,4,5,3
36_2,7,11,20,21,27,29,115,36,22,38,16,41,4,9,1,6,2
36_3,5,8,15,19,23,27,97,32,22,31,15,34,3,7,4,4,4
36_4,3,6,11,17,22,27,86,30,24,28,16,28,3,5,6,5,5
36_5,4,8,13,19,24,28,96,32,24,32,16,32,4,5,6,5,4
36_6,2,9,13,18,23,28,93,30,26,32,14,31,7,4,5,5,5
36_7,1,7,11,13,16,24,72,25,23,23,9,24,6,4,2,3,8
36_8,1,11,17,18,22,28,97,29,27,33,11,35,10,6,1,4,6
36_9,2,11,16,20,25,29,103,31,27,36,14,36,9,5,4,5,4
36_10,3,11,15,19,25,30,103,33,27,36,14,34,8,4,4,6,5
37_1,2,6,14,18,25,28,93,30,26,31,19,32,4,8,4,7,3
37_2,11,14,19,21,28,30,123,41,19,42,14,40,3,5,2,7,2
37_3,4,8,14,18,23,27,94,31,23,31,15,32,4,6,4,5,4
37_4,4,8,12,17,23,27,91,31,23,31,15,29,4,4,5,6,4
37_5,4,8,13,19,24,29,97,33,25,32,16,32,4,5,6,5,5
37_6,3,10,14,15,22,26,90,29,23,32,12,29,7,4,1,7,4
37_7,3,11,14,15,20,24,87,27,21,31,9,29,8,3,1,5,4
37_8,2,8,12,13,19,25,79,27,23,27,11,25,6,4,1,6,6
37_9,2,8,13,14,20,25,82,27,23,28,12,27,6,5,1,6,5
37_10,3,8,12,15,21,26,85,29,23,29,13,27,5,4,3,6,5
38_1,1,5,12,21,25,28,92,29,27,30,20,33,4,7,9,4,3
38_2,4,9,16,18,24,28,99,32,24,33,15,34,5,7,2,6,4
38_3,3,7,12,17,21,25,85,28,22,28,14,29,4,5,5,4,4
38_4,3,8,12,18,23,28,92,31,25,31,15,30,5,4,6,5,5
38_5,3,8,13,18,24,28,94,31,25,32,16,31,5,5,5,6,4
38_6,2,7,9,12,21,28,79,30,26,28,14,21,5,2,3,9,7
38_7,2,8,11,12,21,28,82,30,26,29,13,23,6,3,1,9,7
38_8,3,11,14,20,22,27,97,30,24,33,11,34,8,3,6,2,5
38_9,1,9,12,17,23,26,88,27,25,32,14,29,8,3,5,6,3
38_10,3,12,15,19,25,29,103,32,26,37,13,34,9,3,4,6,4
39_1,4,12,17,20,23,28,104,32,24,35,11,37,8,5,3,3,5
39_2,8,11,18,22,27,31,117,39,23,38,16,40,3,7,4,5,4
39_3,4,7,13,17,21,27,89,31,23,28,14,30,3,6,4,4,6
39_4,4,8,12,18,23,28,93,32,24,31,15,30,4,4,6,5,5
39_5,4,8,13,19,24,28,96,32,24,32,16,32,4,5,6,5,4
39_6,1,9,13,14,22,25,84,26,24,31,13,27,8,4,1,8,3
39_7,0,11,14,16,23,26,90,26,26,34,12,30,11,3,2,7,3
39_8,1,11,13,17,24,29,95,30,28,35,13,30,10,2,4,7,5
39_9,1,10,11,15,20,28,85,29,27,30,10,26,9,1,4,5,8
39_10,2,9,11,15,20,28,85,30,26,29,11,26,7,2,4,5,8
40_1,3,5,16,20,23,27,94,30,24,28,18,36,2,11,4,3,4
40_2,6,8,18,23,26,28,109,34,22,34,18,41,2,10,5,3,2
40_3,2,8,13,18,22,28,91,30,26,30,14,31,6,5,5,4,6
40_4,4,9,14,20,25,29,101,33,25,34,16,34,5,5,6,5,4
40_5,4,8,13,19,24,28,96,32,24,32,16,32,4,5,6,5,4
40_6,5,11,14,16,25,28,99,33,23,36,14,30,6,3,2,9,3
40_7,4,9,13,16,22,29,93,33,25,31,13,29,5,4,3,6,7
40_8,2,11,17,21,25,26,102,28,24,36,14,38,9,6,4,4,1
40_9,1,12,16,20,25,28,102,29,27,37,13,36,11,4,4,5,3
40_10,4,12,16,19,26,28,105,32,24,38,14,35,8,4,3,7,2
41_1,5,12,20,22,25,28,112,33,23,37,13,42,7,8,2,3,3
41_2,6,12,18,20,27,29,112,35,23,39,15,38,6,6,2,7,2
41_3,4,7,15,19,22,26,93,30,22,29,15,34,3,8,4,3,4
41_4,4,8,12,18,23,27,92,31,23,31,15,30,4,4,6,5,4
41_5,4,9,13,19,24,28,97,32,24,33,15,32,5,4,6,5,4
41_6,2,6,12,14,23,25,82,27,23,29,17,26,4,6,2,9,2
41_7,3,9,15,15,20,27,89,30,24,29,11,30,6,6,0,5,7
41_8,5,13,18,18,23,28,105,33,23,36,10,36,8,5,0,5,5
41_9,4,10,14,17,23,27,95,31,23,33,13,31,6,4,3,6,4
41_10,5,9,13,16,24,28,95,33,23,33,15,29,4,4,3,8,4
42_1,4,8,14,22,26,30,104,34,26,34,18,36,4,6,8,4,4
42_2,7,11,16,21,26,30,111,37,23,37,15,37,4,5,5,5,4
42_3,3,7,13,16,22,27,88,30,24,29,15,29,4,6,3,6,5
42_4,3,8,12,17,23,28,91,31,25,31,15,29,5,4,5,6,5
42_5,4,8,13,18,24,28,95,32,24,32,16,31,4,5,5,6,4
42_6,2,14,18,21,24,27,106,29,25,38,10,39,12,4,3,3,3
42_7,3,9,11,15,17,23,78,26,20,26,8,26,6,2,4,2,6
42_8,2,8,12,19,23,25,89,27,23,31,15,31,6,4,7,4,2
42_9,3,9,12,17,22,25,88,28,22,31,13,29,6,3,5,5,3
42_10,5,11,13,16,21,26,92,31,21,32,10,29,6,2,3,5,5
43_1,2,8,17,21,25,28,101,30,26,33,17,38,6,9,4,4,3
43_2,9,12,18,22,26,29,116,38,20,38,14,40,3,6,4,4,3
43_3,3,7,13,19,23,26,91,29,23,30,16,32,4,6,6,4,3
43_4,4,8,11,17,23,27,90,31,23,31,15,28,4,3,6,6,4
43_5,4,8,13,18,24,29,96,33,25,32,16,31,4,5,5,6,5
43_6,6,11,11,13,23,28,92,34,22,34,12,24,5,0,2,10,5
43_7,2,9,12,15,23,27,88,29,25,32,14,27,7,3,3,8,4
43_8,3,11,13,17,24,28,96,31,25,35,13,30,8,2,4,7,4
43_9,5,10,11,15,21,28,90,33,23,31,11,26,5,1,4,6,7
43_10,6,12,16,20,24,28,106,34,22,36,12,36,6,4,4,4,4
44_1,2,9,16,19,24,28,98,30,26,33,15,35,7,7,3,5,4
44_2,6,9,17,18,27,29,106,35,23,36,18,35,3,8,1,9,2
44_3,3,7,13,17,22,26,88,29,23,29,15,30,4,6,4,5,4
44_4,4,8,12,17,23,27,91,31,23,31,15,29,4,4,5,6,4
44_5,4,8,13,19,24,28,96,32,24,32,16,32,4,5,6,5,4
44_6,1,9,10,14,22,28,84,29,27,31,13,24,8,1,4,8,6
44_7,1,9,10,14,22,27,83,28,26,31,13,24,8,1,4,8,5
44_8,1,11,13,18,25,29,97,30,28,36,14,31,10,2,5,7,4
44_9,2,9,13,17,24,28,93,30,26,33,15,30,7,4,4,7,4
44_10,2,13,18,20,27,31,111,33,29,40,14,38,11,5,2,7,4
45_1,5,15,18,21,26,30,115,35,25,41,11,39,10,3,3,5,4
45_2,9,13,20,23,27,30,122,39,21,40,14,43,4,7,3,4,3
45_3,4,8,13,19,24,28,96,32,24,32,16,32,4,5,6,5,4
45_4,4,8,13,19,23,28,95,32,24,31,15,32,4,5,6,4,5
45_5,4,8,14,19,24,28,97,32,24,32,16,33,4,6,5,5,4
45_6,6,10,14,16,23,28,97,34,22,33,13,30,4,4,2,7,5
45_7,5,11,13,15,22,28,94,33,23,33,11,28,6,2,2,7,6
45_8,6,13,14,18,23,29,103,35,23,36,10,32,7,1,4,5,6
45_9,4,10,13,16,21,27,91,31,23,31,11,29,6,3,3,5,6
45_10,4,10,13,15,21,26,89,30,22,31,11,28,6,3,2,6,5
46_1,3,9,14,18,24,26,94,29,23,33,15,32,6,5,4,6,2
46_2,7,10,17,20,26,28,108,35,21,36,16,37,3,7,3,6,2
46_3,3,6,12,18,22,26,87,29,23,28,16,30,3,6,6,4,4
46_4,3,8,12,18,23,27,91,30,24,31,15,30,5,4,6,5,4
46_5,3,7,13,19,24,29,95,32,26,31,17,32,4,6,6,5,5
46_6,5,11,14,19,28,30,107,35,25,39,17,33,6,3,5,9,2
46_7,2,6,9,15,23,25,80,27,23,29,17,24,4,3,6,8,2
46_8,4,9,14,18,25,27,97,31,23,34,16,32,5,5,4,7,2
46_9,3,9,13,18,25,27,95,30,24,34,16,31,6,4,5,7,2
46_10,6,12,17,20,26,30,111,36,24,38,14,37,6,5,3,6,4
47_1,4,9,13,16,23,29,94,33,25,32,14,29,5,4,3,7,6
47_2,3,5,15,18,25,29,95,32,26,30,20,33,2,10,3,7,4
47_3,2,8,13,18,22,27,90,29,25,30,14,31,6,5,5,4,5
47_4,3,8,13,18,23,28,93,31,25,31,15,31,5,5,5,5,5
47_5,4,8,13,19,24,29,97,33,25,32,16,32,4,5,6,5,5
47_6,3,9,13,12,23,28,88,31,25,32,14,25,6,4,-1,11,5
47_7,1,11,12,13,20,26,83,27,25,31,9,25,10,1,1,7,6
47_8,2,9,12,13,23,27,86,29,25,32,14,25,7,3,1,10,4
47_9,1,8,12,15,24,27,87,28,26,32,16,27,7,4,3,9,3
47_10,3,11,14,17,25,28,98,31,25,36,14,31,8,3,3,8,3
48_1,3,8,15,19,24,28,97,31,25,32,16,34,5,7,4,5,4
48_2,7,12,20,23,28,29,119,36,22,40,16,43,5,8,3,5,1
48_3,4,6,13,18,21,26,88,30,22,27,15,31,2,7,5,3,5
48_4,3,7,12,19,24,28,93,31,25,31,17,31,4,5,7,5,4
48_5,4,8,13,19,24,28,96,32,24,32,16,32,4,5,6,5,4
48_6,4,12,15,17,26,29,103,33,25,38,14,32,8,3,2,9,3
48_7,2,10,16,18,25,28,99,30,26,35,15,34,8,6,2,7,3
48_8,2,11,17,21,27,31,109,33,29,38,16,38,9,6,4,6,4
48_9,2,12,16,20,27,30,107,32,28,39,15,36,10,4,4,7,3
48_10,5,15,18,21,27,29,115,34,24,42,12,39,10,3,3,6,2
49_1,5,9,14,16,22,25,91,30,20,31,13,30,4,5,2,6,3
49_2,8,14,20,22,27,31,122,39,23,41,13,42,6,6,2,5,4
49_3,4,6,13,19,23,27,92,31,23,29,17,32,2,7,6,4,4
49_4,4,9,13,18,23,28,95,32,24,32,14,31,5,4,5,5,5
49_5,4,8,13,19,24,28,96,32,24,32,16,32,4,5,6,5,4
49_6,5,10,11,15,23,27,91,32,22,33,13,26,5,1,4,8,4
49_7,4,10,11,16,20,27,88,31,23,30,10,27,6,1,5,4,7
49_8,2,11,17,19,24,27,100,29,25,35,13,36,9,6,2,5,3
49_9,3,10,14,18,24,28,97,31,25,34,14,32,7,4,4,6,4
49_10,5,13,15,19,24,29,105,34,24,37,11,34,8,2,4,5,5
50_1,2,8,14,18,25,29,96,31,27,33,17,32,6,6,4,7,4
50_2,9,13,20,21,28,30,121,39,21,41,15,41,4,7,1,7,2
50_3,3,7,13,18,22,26,89,29,23,29,15,31,4,6,5,4,4
50_4,4,9,13,18,23,28,95,32,24,32,14,31,5,4,5,5,5
50_5,4,8,13,19,24,29,97,33,25,32,16,32,4,5,6,5,5
50_6,2,9,12,12,25,27,87,29,25,34,16,24,7,3,0,13,2
50_7,2,8,12,14,25,25,86,27,23,33,17,26,6,4,2,11,0
50_8,1,12,18,19,27,28,105,29,27,39,15,37,11,6,1,8,1
50_9,2,12,16,17,25,26,98,28,24,37,13,33,10,4,1,8,1
50_10,3,12,16,17,23,26,97,29,23,35,11,33,9,4,1,6,3
