row,red1,red2,red3,red4,red5,red6,red_sum_all,red_sum16,red_gap16,red_sum25,red_gap25,red_sum34,red_gap12,red_gap23,red_gap34,red_gap45,red_gap56
1_1,2,8,14,20,26,30,100,32,28,34,18,34,6,6,6,6,4
1_2,4,9,17,23,26,28,107,32,24,35,17,40,5,8,6,3,2
1_3,6,9,15,19,23,30,102,36,24,32,14,34,3,6,4,4,7
1_4,4,8,12,16,22,27,89,31,23,30,14,28,4,4,4,6,5
1_5,4,9,14,18,24,29,98,33,25,33,15,32,5,5,4,6,5
1_6,3,8,12,18,27,32,100,35,29,35,19,30,5,4,6,9,5
1_7,1,5,10,18,24,31,89,32,30,29,19,28,4,5,8,6,7
1_8,3,5,8,15,20,27,78,30,24,25,15,23,2,3,7,5,7
1_9,4,5,8,13,21,28,79,32,24,26,16,21,1,3,5,8,7
1_10,4,6,10,14,20,26,80,30,22,26,14,24,2,4,4,6,6
2_1,3,8,9,15,24,26,85,29,23,32,16,24,5,1,6,9,2
2_2,2,9,14,19,25,30,99,32,28,34,16,33,7,5,5,6,5
2_3,5,9,14,19,24,30,101,35,25,33,15,33,4,5,5,5,6
2_4,4,8,13,17,23,27,92,31,23,31,15,30,4,5,4,6,4
2_5,4,8,13,18,23,29,95,33,25,31,15,31,4,5,5,5,6
2_6,6,13,13,19,26,30,107,36,24,39,13,32,7,0,6,7,4
2_7,2,7,8,17,23,30,87,32,28,30,16,25,5,1,9,6,7
2_8,3,8,8,13,19,25,76,28,22,27,11,21,5,0,5,6,6
2_9,3,8,9,13,21,27,81,30,24,29,13,22,5,1,4,8,6
2_10,3,7,9,13,20,28,80,31,25,27,13,22,4,2,4,7,8
3_1,4,7,11,17,27,28,94,32,24,34,20,28,3,4,6,10,1
3_2,2,6,13,18,23,29,91,31,27,29,17,31,4,7,5,5,6
3_3,3,8,13,17,23,29,93,32,26,31,15,30,5,5,4,6,6
3_4,4,8,13,17,23,28,93,32,24,31,15,30,4,5,4,6,5
3_5,4,9,14,18,23,29,97,33,25,32,14,32,5,5,4,5,6
3_6,4,9,11,16,23,28,91,32,24,32,14,27,5,2,5,7,5
3_7,4,6,8,13,20,27,78,31,23,26,14,21,2,2,5,7,7
3_8,1,5,9,16,19,23,73,24,22,24,14,25,4,4,7,3,4
3_9,3,8,11,17,24,28,91,31,25,32,16,28,5,3,6,7,4
3_10,2,7,8,13,18,27,75,29,25,25,11,21,5,1,5,5,9
4_1,3,10,13,22,26,28,102,31,25,36,16,35,7,3,9,4,2
4_2,2,6,15,23,26,30,102,32,28,32,20,38,4,9,8,3,4
4_3,5,8,15,21,25,29,103,34,24,33,17,36,3,7,6,4,4
4_4,5,9,14,18,23,28,97,33,23,32,14,32,4,5,4,5,5
4_5,4,9,14,18,23,29,97,33,25,32,14,32,5,5,4,5,6
4_6,2,11,14,17,26,29,99,31,27,37,15,31,9,3,3,9,3
4_7,2,7,12,17,25,29,92,31,27,32,18,29,5,5,5,8,4
4_8,3,8,13,17,22,28,91,31,25,30,14,30,5,5,4,5,6
4_9,3,8,9,14,23,28,85,31,25,31,15,23,5,1,5,9,5
4_10,4,8,9,14,19,26,80,30,22,27,11,23,4,1,5,5,7
5_1,3,8,11,14,24,28,88,31,25,32,16,25,5,3,3,10,4
5_2,5,11,17,21,26,29,109,34,24,37,15,38,6,6,4,5,3
5_3,6,9,15,20,26,30,106,36,24,35,17,35,3,6,5,6,4
5_4,5,8,13,18,23,28,95,33,23,31,15,31,3,5,5,5,5
5_5,4,9,14,19,24,29,99,33,25,33,15,33,5,5,5,5,5
5_6,3,10,12,18,25,30,98,33,27,35,15,30,7,2,6,7,5
5_7,2,8,11,17,24,29,91,31,27,32,16,28,6,3,6,7,5
5_8,0,7,11,16,20,28,82,28,28,27,13,27,7,4,5,4,8
5_9,1,5,8,15,23,29,81,30,28,28,18,23,4,3,7,8,6
5_10,2,6,9,15,21,27,80,29,25,27,15,24,4,3,6,6,6
6_1,5,7,14,17,24,28,95,33,23,31,17,31,2,7,3,7,4
6_2,5,9,16,21,26,31,108,36,26,35,17,37,4,7,5,5,5
6_3,4,10,14,19,24,30,101,34,26,34,14,33,6,4,5,5,6
6_4,4,9,13,17,22,28,93,32,24,31,13,30,5,4,4,5,6
6_5,4,9,14,19,24,29,99,33,25,33,15,33,5,5,5,5,5
6_6,2,9,15,18,22,30,96,32,28,31,13,33,7,6,3,4,8
6_7,0,3,10,18,22,26,79,26,26,25,19,28,3,7,8,4,4
6_8,1,8,11,15,18,30,83,31,29,26,10,26,7,3,4,3,12
6_9,2,7,9,16,22,28,84,30,26,29,15,25,5,2,7,6,6
6_10,3,6,9,14,19,25,76,28,22,25,13,23,3,3,5,5,6
7_1,4,7,11,13,21,25,81,29,21,28,14,24,3,4,2,8,4
7_2,4,5,14,18,23,27,91,31,23,28,18,32,1,9,4,5,4
7_3,5,9,13,17,23,30,97,35,25,32,14,30,4,4,4,6,7
7_4,4,8,12,17,22,27,90,31,23,30,14,29,4,4,5,5,5
7_5,4,9,14,19,24,29,99,33,25,33,15,33,5,5,5,5,5
7_6,1,9,11,16,22,32,91,33,31,31,13,27,8,2,5,6,10
7_7,1,8,10,12,18,32,81,33,31,26,10,22,7,2,2,6,14
7_8,2,7,9,16,17,28,79,30,26,24,10,25,5,2,7,1,11
7_9,2,6,8,14,19,28,77,30,26,25,13,22,4,2,6,5,9
7_10,3,7,9,13,18,29,79,32,26,25,11,22,4,2,4,5,11
8_1,3,10,14,16,26,29,98,32,26,36,16,30,7,4,2,10,3
8_2,4,11,16,19,27,31,108,35,27,38,16,35,7,5,3,8,4
8_3,4,9,14,20,26,30,103,34,26,35,17,34,5,5,6,6,4
8_4,4,8,13,18,24,28,95,32,24,32,16,31,4,5,5,6,4
8_5,4,8,13,19,24,29,97,33,25,32,16,32,4,5,6,5,5
8_6,6,11,15,23,28,32,115,38,26,39,17,38,5,4,8,5,4
8_7,6,12,14,24,29,32,117,38,26,41,17,38,6,2,10,5,3
8_8,2,8,10,15,19,24,78,26,22,27,11,25,6,2,5,4,5
8_9,3,8,11,17,22,26,87,29,23,30,14,28,5,3,6,5,4
8_10,4,9,11,19,23,27,93,31,23,32,14,30,5,2,8,4,4
9_1,4,6,11,16,23,26,86,30,22,29,17,27,2,5,5,7,3
9_2,3,6,11,17,21,27,85,30,24,27,15,28,3,5,6,4,6
9_3,4,8,13,18,23,30,96,34,26,31,15,31,4,5,5,5,7
9_4,5,9,13,17,23,27,94,32,22,32,14,30,4,4,4,6,4
9_5,4,9,14,19,23,29,98,33,25,32,14,33,5,5,5,4,6
9_6,6,13,15,24,28,31,117,37,25,41,15,39,7,2,9,4,3
9_7,3,8,12,22,27,31,103,34,28,35,19,34,5,4,10,5,4
9_8,2,6,13,19,24,31,95,33,29,30,18,32,4,7,6,5,7
9_9,3,9,13,22,25,30,102,33,27,34,16,35,6,4,9,3,5
9_10,3,9,12,20,24,30,98,33,27,33,15,32,6,3,8,4,6
10_1,5,8,12,16,26,29,96,34,24,34,18,28,3,4,4,10,3
10_2,3,11,14,21,25,31,105,34,28,36,14,35,8,3,7,4,6
10_3,5,10,14,21,26,30,106,35,25,36,16,35,5,4,7,5,4
10_4,4,9,13,17,23,27,93,31,23,32,14,30,5,4,4,6,4
10_5,4,9,14,19,24,29,99,33,25,33,15,33,5,5,5,5,5
10_6,3,10,15,25,27,31,111,34,28,37,17,40,7,5,10,2,4
10_7,1,7,12,20,23,30,93,31,29,30,16,32,6,5,8,3,7
10_8,2,7,15,19,25,30,98,32,28,32,18,34,5,8,4,6,5
10_9,3,7,12,18,25,31,96,34,28,32,18,30,4,5,6,7,6
10_10,3,7,11,16,19,30,86,33,27,26,12,27,4,4,5,3,11
11_1,2,10,13,20,26,29,100,31,27,36,16,33,8,3,7,6,3
11_2,2,7,15,23,26,30,103,32,28,33,19,38,5,8,8,3,4
11_3,5,8,16,21,26,30,106,35,25,34,18,37,3,8,5,5,4
11_4,5,9,14,18,23,27,96,32,22,32,14,32,4,5,4,5,4
11_5,4,9,14,18,24,29,98,33,25,33,15,32,5,5,4,6,5
11_6,3,8,11,21,27,33,103,36,30,35,19,32,5,3,10,6,6
11_7,2,5,8,19,27,31,92,33,29,32,22,27,3,3,11,8,4
11_8,3,4,7,14,23,30,81,33,27,27,19,21,1,3,7,9,7
11_9,4,6,11,20,26,30,97,34,26,32,20,31,2,5,9,6,4
11_10,5,8,9,16,22,29,89,34,24,30,14,25,3,1,7,6,7
12_1,2,5,9,15,22,28,81,30,26,27,17,24,3,4,6,7,6
12_2,2,5,11,22,25,30,95,32,28,30,20,33,3,6,11,3,5
12_3,4,8,14,19,26,30,101,34,26,34,18,33,4,6,5,7,4
12_4,5,9,14,18,24,28,98,33,23,33,15,32,4,5,4,6,4
12_5,4,9,14,19,24,29,99,33,25,33,15,33,5,5,5,5,5
12_6,2,4,8,17,23,31,85,33,29,27,19,25,2,4,9,6,8
12_7,2,5,8,17,23,31,86,33,29,28,18,25,3,3,9,6,8
12_8,1,4,5,17,22,32,81,33,31,26,18,22,3,1,12,5,10
12_9,2,6,8,17,22,30,85,32,28,28,16,25,4,2,9,5,8
12_10,3,8,10,15,22,30,88,33,27,30,14,25,5,2,5,7,8
13_1,7,10,13,18,23,28,99,35,21,33,13,31,3,3,5,5,5
13_2,5,10,15,19,22,27,98,32,22,32,12,34,5,5,4,3,5
13_3,4,8,14,19,25,29,99,33,25,33,17,33,4,6,5,6,4
13_4,4,8,13,17,23,27,92,31,23,31,15,30,4,5,4,6,4
13_5,4,8,13,18,24,29,96,33,25,32,16,31,4,5,5,6,5
13_6,3,5,5,10,22,31,76,34,28,27,17,15,2,0,5,12,9
13_7,2,2,5,11,20,31,71,33,29,22,18,16,0,3,6,9,11
13_8,2,4,5,11,20,30,72,32,28,24,16,16,2,1,6,9,10
13_9,2,5,7,11,21,30,76,32,28,26,16,18,3,2,4,10,9
13_10,2,5,6,12,19,29,73,31,27,24,14,18,3,1,6,7,10
14_1,4,5,10,16,22,29,86,33,25,27,17,26,1,5,6,6,7
14_2,4,7,13,17,23,29,93,33,25,30,16,30,3,6,4,6,6
14_3,5,9,15,21,25,30,105,35,25,34,16,36,4,6,6,4,5
14_4,3,8,12,17,23,27,90,30,24,31,15,29,5,4,5,6,4
14_5,4,9,14,19,24,29,99,33,25,33,15,33,5,5,5,5,5
14_6,6,10,13,18,26,32,105,38,26,36,16,31,4,3,5,8,6
14_7,6,11,13,18,25,31,104,37,25,36,14,31,5,2,5,7,6
14_8,3,7,9,18,21,31,89,34,28,28,14,27,4,2,9,3,10
14_9,3,8,8,17,23,31,90,34,28,31,15,25,5,0,9,6,8
14_10,3,7,9,17,22,31,89,34,28,29,15,26,4,2,8,5,9
15_1,5,12,16,22,27,30,112,35,25,39,15,38,7,4,6,5,3
15_2,3,7,14,20,23,28,95,31,25,30,16,34,4,7,6,3,5
15_3,4,9,16,20,25,30,104,34,26,34,16,36,5,7,4,5,5
15_4,5,9,13,18,23,28,96,33,23,32,14,31,4,4,5,5,5
15_5,4,9,14,19,24,29,99,33,25,33,15,33,5,5,5,5,5
15_6,4,7,12,17,24,29,93,33,25,31,17,29,3,5,5,7,5
15_7,3,6,10,19,25,29,92,32,26,31,19,29,3,4,9,6,4
15_8,3,6,10,19,23,28,89,31,25,29,17,29,3,4,9,4,5
15_9,4,6,11,18,24,29,92,33,25,30,18,29,2,5,7,6,5
15_10,4,6,9,16,20,28,83,32,24,26,14,25,2,3,7,4,8
16_1,3,7,12,16,23,26,87,29,23,30,16,28,4,5,4,7,3
16_2,2,7,15,20,24,28,96,30,26,31,17,35,5,8,5,4,4
16_3,4,9,14,20,26,31,104,35,27,35,17,34,5,5,6,6,5
16_4,4,8,13,18,23,28,94,32,24,31,15,31,4,5,5,5,5
16_5,4,9,14,19,24,29,99,33,25,33,15,33,5,5,5,5,5
16_6,2,6,5,11,23,30,77,32,28,29,17,16,4,-1,6,12,7
16_7,2,7,4,12,22,28,75,30,26,29,15,16,5,-3,8,10,6
16_8,2,4,8,14,20,29,77,31,27,24,16,22,2,4,6,6,9
16_9,3,7,9,16,19,30,84,33,27,26,12,25,4,2,7,3,11
16_10,4,7,9,16,20,29,85,33,25,27,13,25,3,2,7,4,9
17_1,1,3,11,17,27,29,88,30,28,30,24,28,2,8,6,10,2
17_2,1,5,14,20,26,29,95,30,28,31,21,34,4,9,6,6,3
17_3,3,8,15,19,26,30,101,33,27,34,18,34,5,7,4,7,4
17_4,4,8,13,18,23,27,93,31,23,31,15,31,4,5,5,5,4
17_5,4,9,14,19,23,29,98,33,25,32,14,33,5,5,5,4,6
17_6,2,6,10,15,21,30,84,32,28,27,15,25,4,4,5,6,9
17_7,2,7,11,16,22,29,87,31,27,29,15,27,5,4,5,6,7
17_8,2,8,11,14,20,29,84,31,27,28,12,25,6,3,3,6,9
17_9,2,5,9,13,20,27,76,29,25,25,15,22,3,4,4,7,7
17_10,3,7,8,13,19,29,79,32,26,26,12,21,4,1,5,6,10
18_1,5,7,9,14,26,27,88,32,22,33,19,23,2,2,5,12,1
18_2,3,5,10,16,21,28,83,31,25,26,16,26,2,5,6,5,7
18_3,5,8,12,17,22,28,92,33,23,30,14,29,3,4,5,5,6
18_4,5,8,13,17,23,27,93,32,22,31,15,30,3,5,4,6,4
18_5,4,9,14,19,24,28,98,32,24,33,15,33,5,5,5,5,4
18_6,2,7,8,15,21,29,82,31,27,28,14,23,5,1,7,6,8
18_7,4,8,9,15,23,30,89,34,26,31,15,24,4,1,6,8,7
18_8,4,9,9,15,21,28,86,32,24,30,12,24,5,0,6,6,7
18_9,3,6,8,12,21,29,79,32,26,27,15,20,3,2,4,9,8
18_10,4,8,9,13,20,29,83,33,25,28,12,22,4,1,4,7,9
19_1,5,10,11,16,27,27,96,32,22,37,17,27,5,1,5,11,0
19_2,4,8,11,16,22,27,88,31,23,30,14,27,4,3,5,6,5
19_3,5,9,12,17,23,29,95,34,24,32,14,29,4,3,5,6,6
19_4,4,8,12,17,23,27,91,31,23,31,15,29,4,4,5,6,4
19_5,4,9,13,18,23,28,95,32,24,32,14,31,5,4,5,5,5
19_6,3,7,14,22,27,30,103,33,27,34,20,36,4,7,8,5,3
19_7,4,7,13,21,27,30,102,34,26,34,20,34,3,6,8,6,3
19_8,3,4,7,14,19,28,75,31,25,23,15,21,1,3,7,5,9
19_9,3,6,8,13,21,30,81,33,27,27,15,21,3,2,5,8,9
19_10,3,5,8,13,20,29,78,32,26,25,15,21,2,3,5,7,9
20_1,3,6,10,16,24,29,88,32,26,30,18,26,3,4,6,8,5
20_2,3,6,13,19,24,29,94,32,26,30,18,32,3,7,6,5,5
20_3,4,7,14,20,25,29,99,33,25,32,18,34,3,7,6,5,4
20_4,4,8,13,17,22,27,91,31,23,30,14,30,4,5,4,5,5
20_5,4,8,14,19,24,29,98,33,25,32,16,33,4,6,5,5,5
20_6,4,8,11,14,23,32,92,36,28,31,15,25,4,3,3,9,9
20_7,4,6,9,18,26,31,94,35,27,32,20,27,2,3,9,8,5
20_8,3,7,9,15,24,30,88,33,27,31,17,24,4,2,6,9,6
20_9,4,8,11,16,24,30,93,34,26,32,16,27,4,3,5,8,6
20_10,4,9,10,14,21,28,86,32,24,30,12,24,5,1,4,7,7
21_1,4,7,11,15,23,26,86,30,22,30,16,26,3,4,4,8,3
21_2,3,5,11,17,23,29,88,32,26,28,18,28,2,6,6,6,6
21_3,3,7,11,17,23,29,90,32,26,30,16,28,4,4,6,6,6
21_4,5,9,13,18,24,28,97,33,23,33,15,31,4,4,5,6,4
21_5,4,9,14,19,24,29,99,33,25,33,15,33,5,5,5,5,5
21_6,3,8,15,17,24,31,98,34,28,32,16,32,5,7,2,7,7
21_7,4,9,12,17,24,31,97,35,27,33,15,29,5,3,5,7,7
21_8,3,6,12,16,23,28,88,31,25,29,17,28,3,6,4,7,5
21_9,2,5,10,16,23,28,84,30,26,28,18,26,3,5,6,7,5
21_10,3,6,10,14,19,29,81,32,26,25,13,24,3,4,4,5,10
22_1,4,7,10,15,21,30,87,34,26,28,14,25,3,3,5,6,9
22_2,4,7,15,19,25,28,98,32,24,32,18,34,3,8,4,6,3
22_3,5,9,16,20,26,31,107,36,26,35,17,36,4,7,4,6,5
22_4,5,8,13,18,23,27,94,32,22,31,15,31,3,5,5,5,4
22_5,4,9,14,19,24,29,99,33,25,33,15,33,5,5,5,5,5
22_6,3,7,8,8,20,30,76,33,27,27,13,16,4,1,0,12,10
22_7,1,5,7,9,21,30,73,31,29,26,16,16,4,2,2,12,9
22_8,3,6,8,12,21,29,79,32,26,27,15,20,3,2,4,9,8
22_9,2,5,11,14,25,29,86,31,27,30,20,25,3,6,3,11,4
22_10,2,6,8,12,21,29,78,31,27,27,15,20,4,2,4,9,8
23_1,5,10,15,19,26,29,104,34,24,36,16,34,5,5,4,7,3
23_2,2,6,10,17,22,29,86,31,27,28,16,27,4,4,7,5,7
23_3,4,8,14,18,23,29,96,33,25,31,15,32,4,6,4,5,6
23_4,4,8,13,17,23,28,93,32,24,31,15,30,4,5,4,6,5
23_5,4,9,14,18,24,29,98,33,25,33,15,32,5,5,4,6,5
23_6,4,6,8,15,26,31,90,35,27,32,20,23,2,2,7,11,5
23_7,3,5,7,9,25,31,80,34,28,30,20,16,2,2,2,16,6
23_8,4,6,9,14,23,26,82,30,22,29,17,23,2,3,5,9,3
23_9,3,7,10,13,22,29,84,32,26,29,15,23,4,3,3,9,7
23_10,3,8,10,13,20,29,83,32,26,28,12,23,5,2,3,7,9
24_1,3,6,10,15,26,29,89,32,26,32,20,25,3,4,5,11,3
24_2,4,8,14,21,26,29,102,33,25,34,18,35,4,6,7,5,3
24_3,5,8,13,17,23,29,95,34,24,31,15,30,3,5,4,6,6
24_4,4,8,12,17,22,28,91,32,24,30,14,29,4,4,5,5,6
24_5,4,9,14,19,24,29,99,33,25,33,15,33,5,5,5,5,5
24_6,2,9,10,19,25,31,96,33,29,34,16,29,7,1,9,6,6
24_7,1,9,10,19,27,32,98,33,31,36,18,29,8,1,9,8,5
24_8,2,8,9,17,24,29,89,31,27,32,16,26,6,1,8,7,5
24_9,2,8,8,16,25,29,88,31,27,33,17,24,6,0,8,9,4
24_10,2,7,8,16,22,28,83,30,26,29,15,24,5,1,8,6,6
25_1,9,16,17,21,27,29,119,38,20,43,11,38,7,1,4,6,2
25_2,3,9,15,21,25,29,102,32,26,34,16,36,6,6,6,4,4
25_3,6,10,15,21,26,30,108,36,24,36,16,36,4,5,6,5,4
25_4,5,8,13,18,24,27,95,32,22,32,16,31,3,5,5,6,3
25_5,4,9,13,19,24,29,98,33,25,33,15,32,5,4,6,5,5
25_6,1,9,9,18,20,32,89,33,31,29,11,27,8,0,9,2,12
25_7,6,7,9,17,21,32,92,38,26,28,14,26,1,2,8,4,11
25_8,3,9,9,16,25,29,91,32,26,34,16,25,6,0,7,9,4
25_9,2,7,9,18,26,30,92,32,28,33,19,27,5,2,9,8,4
25_10,4,8,9,16,23,29,89,33,25,31,15,25,4,1,7,7,6
26_1,4,8,11,16,26,27,92,31,23,34,18,27,4,3,5,10,1
26_2,1,6,10,16,19,26,78,27,25,25,13,26,5,4,6,3,7
26_3,4,8,13,19,24,29,97,33,25,32,16,32,4,5,6,5,5
26_4,5,9,13,18,24,28,97,33,23,33,15,31,4,4,5,6,4
26_5,4,9,14,19,24,29,99,33,25,33,15,33,5,5,5,5,5
26_6,0,4,10,14,19,26,73,26,26,23,15,24,4,6,4,5,7
26_7,0,3,6,14,19,25,67,25,25,22,16,20,3,3,8,5,6
26_8,3,5,9,13,17,25,72,28,22,22,12,22,2,4,4,4,8
26_9,4,6,8,13,19,26,76,30,22,25,13,21,2,2,5,6,7
26_10,3,4,7,10,15,23,62,26,20,19,11,17,1,3,3,5,8
27_1,5,8,11,16,26,29,95,34,24,34,18,27,3,3,5,10,3
27_2,5,11,15,20,27,30,108,35,25,38,16,35,6,4,5,7,3
27_3,6,10,16,20,25,30,107,36,24,35,15,36,4,6,4,5,5
27_4,5,8,14,18,24,28,97,33,23,32,16,32,3,6,4,6,4
27_5,4,9,14,19,24,29,99,33,25,33,15,33,5,5,5,5,5
27_6,3,8,8,14,25,31,89,34,28,33,17,22,5,0,6,11,6
27_7,1,7,9,15,24,29,85,30,28,31,17,24,6,2,6,9,5
27_8,2,10,12,15,21,27,87,29,25,31,11,27,8,2,3,6,6
27_9,3,8,10,14,22,28,85,31,25,30,14,24,5,2,4,8,6
27_10,3,7,9,14,21,28,82,31,25,28,14,23,4,2,5,7,7
28_1,6,10,13,17,25,28,99,34,22,35,15,30,4,3,4,8,3
28_2,3,7,13,21,25,28,97,31,25,32,18,34,4,6,8,4,3
28_3,3,7,12,18,23,29,92,32,26,30,16,30,4,5,6,5,6
28_4,4,8,12,18,23,28,93,32,24,31,15,30,4,4,6,5,5
28_5,4,8,13,18,23,28,94,32,24,31,15,31,4,5,5,5,5
28_6,3,5,10,13,23,29,83,32,26,28,18,23,2,5,3,10,6
28_7,4,7,10,14,23,31,89,35,27,30,16,24,3,3,4,9,8
28_8,2,6,11,16,21,31,87,33,29,27,15,27,4,5,5,5,10
28_9,2,4,10,18,23,30,87,32,28,27,19,28,2,6,8,5,7
28_10,2,5,10,16,20,28,81,30,26,25,15,26,3,5,6,4,8
29_1,8,13,18,24,29,32,124,40,24,42,16,42,5,5,6,5,3
29_2,3,10,15,22,27,30,107,33,27,37,17,37,7,5,7,5,3
29_3,4,8,12,19,24,30,97,34,26,32,16,31,4,4,7,5,6
29_4,5,9,13,19,24,28,98,33,23,33,15,32,4,4,6,5,4
29_5,4,9,14,19,24,29,99,33,25,33,15,33,5,5,5,5,5
29_6,3,5,9,16,20,31,84,34,28,25,15,25,2,4,7,4,11
29_7,4,6,8,17,20,28,83,32,24,26,14,25,2,2,9,3,8
29_8,3,5,8,16,19,28,79,31,25,24,14,24,2,3,8,3,9
29_9,3,6,9,15,20,29,82,32,26,26,14,24,3,3,6,5,9
29_10,2,7,10,15,20,27,81,29,25,27,13,25,5,3,5,5,7
30_1,3,6,11,16,25,30,91,33,27,31,19,27,3,5,5,9,5
30_2,3,6,11,18,24,29,91,32,26,30,18,29,3,5,7,6,5
30_3,4,8,12,18,22,29,93,33,25,30,14,30,4,4,6,4,7
30_4,5,8,13,18,23,28,95,33,23,31,15,31,3,5,5,5,5
30_5,4,9,14,19,23,29,98,33,25,32,14,33,5,5,5,4,6
30_6,4,5,8,11,16,31,75,35,27,21,11,19,1,3,3,5,15
30_7,4,6,7,10,17,31,75,35,27,23,11,17,2,1,3,7,14
30_8,2,7,11,17,18,29,84,31,27,25,11,28,5,4,6,1,11
30_9,3,7,11,16,21,31,89,34,28,28,14,27,4,4,5,5,10
30_10,4,7,9,13,20,30,83,34,26,27,13,22,3,2,4,7,10
31_1,3,7,13,15,24,27,89,30,24,31,17,28,4,6,2,9,3
31_2,4,8,14,17,25,30,98,34,26,33,17,31,4,6,3,8,5
31_3,5,7,12,18,24,30,96,35,25,31,17,30,2,5,6,6,6
31_4,4,8,13,18,23,27,93,31,23,31,15,31,4,5,5,5,4
31_5,4,9,14,19,24,29,99,33,25,33,15,33,5,5,5,5,5
31_6,4,9,11,13,22,32,91,36,28,31,13,24,5,2,2,9,10
31_7,3,6,8,12,23,31,83,34,28,29,17,20,3,2,4,11,8
31_8,2,7,11,20,25,30,95,32,28,32,18,31,5,4,9,5,5
31_9,3,8,11,18,25,30,95,33,27,33,17,29,5,3,7,7,5
31_10,5,10,12,16,21,30,94,35,25,31,11,28,5,2,4,5,9
32_1,6,10,12,17,28,30,103,36,24,38,18,29,4,2,5,11,2
32_2,3,6,12,20,26,30,97,33,27,32,20,32,3,6,8,6,4
32_3,5,10,15,21,25,30,106,35,25,35,15,36,5,5,6,4,5
32_4,4,9,13,18,23,27,94,31,23,32,14,31,5,4,5,5,4
32_5,4,9,14,19,24,28,98,32,24,33,15,33,5,5,5,5,4
32_6,2,9,12,16,23,30,92,32,28,32,14,28,7,3,4,7,7
32_7,2,7,9,16,24,31,89,33,29,31,17,25,5,2,7,8,7
32_8,2,7,9,16,24,30,88,32,28,31,17,25,5,2,7,8,6
32_9,2,7,9,15,22,29,84,31,27,29,15,24,5,2,6,7,7
32_10,2,7,8,15,20,28,80,30,26,27,13,23,5,1,7,5,8
33_1,5,8,10,13,24,28,88,33,23,32,16,23,3,2,3,11,4
33_2,5,7,13,17,23,27,92,32,22,30,16,30,2,6,4,6,4
33_3,4,7,13,18,24,29,95,33,25,31,17,31,3,6,5,6,5
33_4,5,9,13,18,24,28,97,33,23,33,15,31,4,4,5,6,4
33_5,4,8,14,18,23,29,96,33,25,31,15,32,4,6,4,5,6
33_6,4,12,12,16,23,32,99,36,28,35,11,28,8,0,4,7,9
33_7,3,7,9,15,24,33,91,36,30,31,17,24,4,2,6,9,9
33_8,1,2,9,16,24,29,81,30,28,26,22,25,1,7,7,8,5
33_9,3,4,8,14,24,30,83,33,27,28,20,22,1,4,6,10,6
33_10,4,8,9,13,19,30,83,34,26,27,11,22,4,1,4,6,11
34_1,5,8,14,19,31,31,108,36,26,39,23,33,3,6,5,12,0
34_2,3,8,14,20,26,29,100,32,26,34,18,34,5,6,6,6,3
34_3,3,7,13,19,24,30,96,33,27,31,17,32,4,6,6,5,6
34_4,4,8,13,19,24,28,96,32,24,32,16,32,4,5,6,5,4
34_5,4,9,14,19,24,29,99,33,25,33,15,33,5,5,5,5,5
34_6,3,8,12,19,25,30,97,33,27,33,17,31,5,4,7,6,5
34_7,2,6,12,20,25,29,94,31,27,31,19,32,4,6,8,5,4
34_8,3,3,9,15,22,30,82,33,27,25,19,24,0,6,6,7,8
34_9,3,5,7,14,23,31,83,34,28,28,18,21,2,2,7,9,8
34_10,3,5,7,15,21,29,80,32,26,26,16,22,2,2,8,6,8
35_1,5,11,16,20,27,29,108,34,24,38,16,36,6,5,4,7,2
35_2,4,8,14,21,27,30,104,34,26,35,19,35,4,6,7,6,3
35_3,3,6,13,18,24,30,94,33,27,30,18,31,3,7,5,6,6
35_4,4,8,13,18,23,28,94,32,24,31,15,31,4,5,5,5,5
35_5,4,8,13,18,24,29,96,33,25,32,16,31,4,5,5,6,5
35_6,3,7,10,16,26,30,92,33,27,33,19,26,4,3,6,10,4
35_7,2,5,8,15,24,29,83,31,27,29,19,23,3,3,7,9,5
35_8,1,5,6,12,18,28,70,29,27,23,13,18,4,1,6,6,10
35_9,3,5,8,14,22,29,81,32,26,27,17,22,2,3,6,8,7
35_10,3,5,7,13,19,27,74,30,24,24,14,20,2,2,6,6,8
36_1,4,7,10,16,28,29,94,33,25,35,21,26,3,3,6,12,1
36_2,4,7,11,17,27,28,94,32,24,34,20,28,3,4,6,10,1
36_3,4,7,13,18,25,30,97,34,26,32,18,31,3,6,5,7,5
36_4,4,8,13,18,23,27,93,31,23,31,15,31,4,5,5,5,4
36_5,4,9,14,19,24,29,99,33,25,33,15,33,5,5,5,5,5
36_6,4,7,11,16,27,30,95,34,26,34,20,27,3,4,5,11,3
36_7,3,4,12,18,24,30,91,33,27,28,20,30,1,8,6,6,6
36_8,3,7,12,14,20,25,81,28,22,27,13,26,4,5,2,6,5
36_9,3,7,12,15,20,28,85,31,25,27,13,27,4,5,3,5,8
36_10,4,10,13,18,22,29,96,33,25,32,12,31,6,3,5,4,7
37_1,2,8,12,16,23,24,85,26,22,31,15,28,6,4,4,7,1
37_2,3,9,15,19,23,26,95,29,23,32,14,34,6,6,4,4,3
37_3,3,6,12,17,23,29,90,32,26,29,17,29,3,6,5,6,6
37_4,4,8,13,17,23,27,92,31,23,31,15,30,4,5,4,6,4
37_5,4,9,14,19,24,29,99,33,25,33,15,33,5,5,5,5,5
37_6,3,9,11,17,27,31,98,34,28,36,18,28,6,2,6,10,4
37_7,3,8,8,15,24,28,86,31,25,32,16,23,5,0,7,9,4
37_8,3,7,11,15,20,27,83,30,24,27,13,26,4,4,4,5,7
37_9,3,6,10,14,21,28,82,31,25,27,15,24,3,4,4,7,7
37_10,3,7,11,16,20,27,84,30,24,27,13,27,4,4,5,4,7
38_1,2,7,10,18,24,31,92,33,29,31,17,28,5,3,8,6,7
38_2,2,5,10,17,23,29,86,31,27,28,18,27,3,5,7,6,6
38_3,4,8,12,18,23,30,95,34,26,31,15,30,4,4,6,5,7
38_4,5,8,12,18,24,28,95,33,23,32,16,30,3,4,6,6,4
38_5,4,9,13,19,24,29,98,33,25,33,15,32,5,4,6,5,5
38_6,2,6,8,13,22,30,81,32,28,28,16,21,4,2,5,9,8
38_7,2,6,7,12,22,29,78,31,27,28,16,19,4,1,5,10,7
38_8,1,5,9,14,21,28,78,29,27,26,16,23,4,4,5,7,7
38_9,4,9,12,18,24,30,97,34,26,33,15,30,5,3,6,6,6
38_10,4,7,10,15,22,28,86,32,24,29,15,25,3,3,5,7,6
39_1,4,8,11,18,27,30,98,34,26,35,19,29,4,3,7,9,3
39_2,4,8,14,20,25,30,101,34,26,33,17,34,4,6,6,5,5
39_3,4,9,15,19,25,30,102,34,26,34,16,34,5,6,4,6,5
39_4,4,8,13,18,23,27,93,31,23,31,15,31,4,5,5,5,4
39_5,4,9,14,19,24,29,99,33,25,33,15,33,5,5,5,5,5
39_6,5,8,13,17,23,32,98,37,27,31,15,30,3,5,4,6,9
39_7,3,6,10,16,20,32,87,35,29,26,14,26,3,4,6,4,12
39_8,3,5,11,19,23,29,90,32,26,28,18,30,2,6,8,4,6
39_9,3,8,12,19,24,31,97,34,28,32,16,31,5,4,7,5,7
39_10,4,9,13,19,21,28,94,32,24,30,12,32,5,4,6,2,7
40_1,4,9,14,16,24,26,93,30,22,33,15,30,5,5,2,8,2
40_2,6,10,17,22,27,29,111,35,23,37,17,39,4,7,5,5,2
40_3,6,10,15,18,24,30,103,36,24,34,14,33,4,5,3,6,6
40_4,4,8,12,18,23,27,92,31,23,31,15,30,4,4,6,5,4
40_5,4,9,14,19,24,29,99,33,25,33,15,33,5,5,5,5,5
40_6,1,8,11,20,28,30,98,31,29,36,20,31,7,3,9,8,2
40_7,2,5,11,20,26,29,93,31,27,31,21,31,3,6,9,6,3
40_8,2,6,13,20,25,31,97,33,29,31,19,33,4,7,7,5,6
40_9,2,5,10,16,24,31,88,33,29,29,19,26,3,5,6,8,7
40_10,3,6,9,12,17,27,74,30,24,23,11,21,3,3,3,5,10
41_1,5,9,17,19,27,30,107,35,25,36,18,36,4,8,2,8,3
41_2,2,8,14,20,23,29,96,31,27,31,15,34,6,6,6,3,6
41_3,4,8,14,19,25,30,100,34,26,33,17,33,4,6,5,6,5
41_4,4,8,13,17,23,28,93,32,24,31,15,30,4,5,4,6,5
41_5,4,9,14,19,24,29,99,33,25,33,15,33,5,5,5,5,5
41_6,2,10,11,17,25,32,97,34,30,35,15,28,8,1,6,8,7
41_7,2,7,8,15,22,30,84,32,28,29,15,23,5,1,7,7,8
41_8,3,6,9,13,20,30,81,33,27,26,14,22,3,3,4,7,10
41_9,3,7,12,15,22,30,89,33,27,29,15,27,4,5,3,7,8
41_10,4,9,13,16,20,29,91,33,25,29,11,29,5,4,3,4,9
42_1,3,5,9,16,25,26,84,29,23,30,20,25,2,4,7,9,1
42_2,2,5,10,19,24,27,87,29,25,29,19,29,3,5,9,5,3
42_3,4,6,13,20,25,30,98,34,26,31,19,33,2,7,7,5,5
42_4,5,8,12,18,23,28,94,33,23,31,15,30,3,4,6,5,5
42_5,4,8,13,19,24,29,97,33,25,32,16,32,4,5,6,5,5
42_6,3,7,12,16,21,33,92,36,30,28,14,28,4,5,4,5,12
42_7,2,6,7,12,21,32,80,34,30,27,15,19,4,1,5,9,11
42_8,2,6,8,12,18,27,73,29,25,24,12,20,4,2,4,6,9
42_9,2,6,9,16,23,31,87,33,29,29,17,25,4,3,7,7,8
42_10,2,7,9,13,20,32,83,34,30,27,13,22,5,2,4,7,12
43_1,2,11,16,20,25,28,102,30,26,36,14,36,9,5,4,5,3
43_2,2,9,15,20,24,28,98,30,26,33,15,35,7,6,5,4,4
43_3,4,8,12,19,24,29,96,33,25,32,16,31,4,4,7,5,5
43_4,4,8,12,17,23,27,91,31,23,31,15,29,4,4,5,6,4
43_5,4,9,14,19,24,28,98,32,24,33,15,33,5,5,5,5,4
43_6,6,8,10,15,23,31,93,37,25,31,15,25,2,2,5,8,8
43_7,5,7,10,16,22,32,92,37,27,29,15,26,2,3,6,6,10
43_8,5,11,13,19,24,30,102,35,25,35,13,32,6,2,6,5,6
43_9,5,9,11,17,23,29,94,34,24,32,14,28,4,2,6,6,6
43_10,3,9,12,18,23,30,95,33,27,32,14,30,6,3,6,5,7
44_1,6,8,15,18,24,26,97,32,20,32,16,33,2,7,3,6,2
44_2,5,8,16,19,22,27,97,32,22,30,14,35,3,8,3,3,5
44_3,4,8,13,17,22,29,93,33,25,30,14,30,4,5,4,5,7
44_4,4,8,13,18,23,28,94,32,24,31,15,31,4,5,5,5,5
44_5,4,9,13,18,23,28,95,32,24,32,14,31,5,4,5,5,5
44_6,5,9,13,15,23,32,97,37,27,32,14,28,4,4,2,8,9
44_7,3,7,12,16,22,32,92,35,29,29,15,28,4,5,4,6,10
44_8,1,5,10,12,23,31,82,32,30,28,18,22,4,5,2,11,8
44_9,3,7,11,15,26,32,94,35,29,33,19,26,4,4,4,11,6
44_10,4,7,12,15,24,31,93,35,27,31,17,27,3,5,3,9,7
45_1,6,8,13,15,24,28,94,34,22,32,16,28,2,5,2,9,4
45_2,3,5,13,18,25,28,92,31,25,30,20,31,2,8,5,7,3
45_3,4,7,12,17,23,29,92,33,25,30,16,29,3,5,5,6,6
45_4,4,8,13,18,24,28,95,32,24,32,16,31,4,5,5,6,4
45_5,4,9,14,19,24,29,99,33,25,33,15,33,5,5,5,5,5
45_6,3,11,13,17,23,31,98,34,28,34,12,30,8,2,4,6,8
45_7,2,8,11,15,22,31,89,33,29,30,14,26,6,3,4,7,9
45_8,2,6,11,16,19,31,85,33,29,25,13,27,4,5,5,3,12
45_9,1,7,11,16,24,31,90,32,30,31,17,27,6,4,5,8,7
45_10,2,9,12,16,23,30,92,32,28,32,14,28,7,3,4,7,7
46_1,3,6,11,15,25,28,88,31,25,31,19,26,3,5,4,10,3
46_2,3,7,16,21,27,30,104,33,27,34,20,37,4,9,5,6,3
46_3,4,7,13,19,24,29,96,33,25,31,17,32,3,6,6,5,5
46_4,4,8,13,18,23,28,94,32,24,31,15,31,4,5,5,5,5
46_5,4,9,13,19,24,29,98,33,25,33,15,32,5,4,6,5,5
46_6,3,7,11,16,23,30,90,33,27,30,16,27,4,4,5,7,7
46_7,2,3,6,17,22,30,80,32,28,25,19,23,1,3,11,5,8
46_8,1,4,6,14,18,30,73,31,29,22,14,20,3,2,8,4,12
46_9,2,6,10,17,23,29,87,31,27,29,17,27,4,4,7,6,6
46_10,1,7,9,18,22,29,86,30,28,29,15,27,6,2,9,4,7
47_1,4,7,10,16,25,29,91,33,25,32,18,26,3,3,6,9,4
47_2,3,7,12,18,25,31,96,34,28,32,18,30,4,5,6,7,6
47_3,3,7,12,18,24,30,94,33,27,31,17,30,4,5,6,6,6
47_4,4,9,13,19,24,28,97,32,24,33,15,32,5,4,6,5,4
47_5,4,9,14,19,24,29,99,33,25,33,15,33,5,5,5,5,5
47_6,4,11,15,21,28,32,111,36,28,39,17,36,7,4,6,7,4
47_7,3,8,12,22,28,32,105,35,29,36,20,34,5,4,10,6,4
47_8,1,7,12,17,23,29,89,30,28,30,16,29,6,5,5,6,6
47_9,2,7,9,15,24,31,88,33,29,31,17,24,5,2,6,9,7
47_10,3,8,11,17,24,29,92,32,26,32,16,28,5,3,6,7,5
48_1,4,6,10,15,25,28,88,32,24,31,19,25,2,4,5,10,3
48_2,3,6,12,17,24,28,90,31,25,30,18,29,3,6,5,7,4
48_3,4,8,14,19,25,30,100,34,26,33,17,33,4,6,5,6,5
48_4,4,8,13,19,24,29,97,33,25,32,16,32,4,5,6,5,5
48_5,4,9,14,19,24,29,99,33,25,33,15,33,5,5,5,5,5
48_6,3,6,9,14,21,31,84,34,28,27,15,23,3,3,5,7,10
48_7,3,6,9,14,21,31,84,34,28,27,15,23,3,3,5,7,10
48_8,1,4,7,11,18,29,70,30,28,22,14,18,3,3,4,7,11
48_9,2,5,8,11,18,28,72,30,26,23,13,19,3,3,3,7,10
48_10,2,6,9,13,18,27,75,29,25,24,12,22,4,3,4,5,9
49_1,3,7,12,14,22,27,85,30,24,29,15,26,4,5,2,8,5
49_2,2,7,13,17,21,28,88,30,26,28,14,30,5,6,4,4,7
49_3,3,8,13,18,23,29,94,32,26,31,15,31,5,5,5,5,6
49_4,4,8,12,18,23,27,92,31,23,31,15,30,4,4,6,5,4
49_5,4,8,13,18,23,29,95,33,25,31,15,31,4,5,5,5,6
49_6,4,10,13,16,23,32,98,36,28,33,13,29,6,3,3,7,9
49_7,3,6,10,16,22,31,88,34,28,28,16,26,3,4,6,6,9
49_8,2,5,12,17,25,30,91,32,28,30,20,29,3,7,5,8,5
49_9,3,6,13,16,26,30,94,33,27,32,20,29,3,7,3,10,4
49_10,4,9,12,17,23,30,95,34,26,32,14,29,5,3,5,6,7
50_1,2,9,12,15,24,29,91,31,27,33,15,27,7,3,3,9,5
50_2,3,7,12,19,24,29,94,32,26,31,17,31,4,5,7,5,5
50_3,3,5,11,17,23,30,89,33,27,28,18,28,2,6,6,6,7
50_4,4,8,12,18,23,28,93,32,24,31,15,30,4,4,6,5,5
50_5,4,9,14,19,24,29,99,33,25,33,15,33,5,5,5,5,5
50_6,3,7,12,16,22,29,89,32,26,29,15,28,4,5,4,6,7
50_7,2,6,9,14,19,27,77,29,25,25,13,23,4,3,5,5,8
50_8,3,5,10,16,20,31,85,34,28,25,15,26,2,5,6,4,11
50_9,3,6,9,15,21,30,84,33,27,27,15,24,3,3,6,6,9
50_10,3,7,10,15,20,27,82,30,24,27,13,25,4,3,5,5,7
