Date,A1,A2,A3,C1,C2,C3,B1,B2,B3,B4,B5,B6,sum,sum16,gap16,sum25,gap25,sum34,gap12,gap23,gap34,gap45,gap56,need3,min1,min2,min3,min4,min5
20250302,1,3,2,1,3,2,11,17,18,20,28,30,124, 41, 19, 45, 11, 38, 6, 1, 2, 8, 2,1,1,2,2,6,8
20250227,2,2,2,3,2,1,7,8,16,18,25,32,106, 39, 25, 33, 17, 34, 1, 8, 2, 7, 7,1,1,2,7,7,8
20250225,2,2,2,3,2,1,4,11,13,16,26,30,100, 34, 26, 37, 15, 29, 7, 2, 3, 10, 4,2,2,3,4,7,10
20250223,1,4,1,2,3,1,5,13,17,18,22,23,98, 28, 18, 35, 9, 35, 8, 4, 1, 4, 1,3,1,1,4,4,8
20250220,2,2,2,1,1,4,3,9,18,21,28,29,108, 32, 26, 37, 19, 39, 6, 9, 3, 7, 1,2,1,3,6,7,9
20250218,1,3,2,2,1,3,4,12,15,18,28,29,106, 33, 25, 40, 16, 33, 8, 3, 3, 10, 1,1,1,3,3,8,10
20250216,2,3,1,1,3,2,2,3,12,16,20,29,82, 31, 27, 23, 17, 28, 1, 9, 4, 4, 9,3,1,4,4,9,9
20250213,2,1,3,2,1,3,4,11,15,24,25,33,112, 37, 29, 36, 14, 39, 7, 4, 9, 1, 8,2,1,4,7,8,9
20250211,3,2,1,2,0,4,6,7,9,13,21,27,83, 33, 21, 28, 14, 22, 1, 2, 4, 8, 6,2,1,2,4,6,8
20250209,1,2,3,2,2,2,4,14,16,23,24,30,111, 34, 26, 38, 10, 39, 10, 2, 7, 1, 6,1,1,2,6,7,10
20250206,2,2,2,3,1,2,7,11,13,18,27,31,107, 38, 24, 38, 16, 31, 4, 2, 5, 9, 4,3,2,4,4,5,9
20250126,1,3,2,2,2,2,6,13,17,22,24,29,111, 35, 23, 37, 11, 39, 7, 4, 5, 2, 5,2,2,4,5,5,7
20250123,3,3,0,3,1,2,4,6,7,16,17,21,71, 25, 17, 23, 11, 23, 2, 1, 9, 1, 4,1,1,1,2,4,9
20250121,3,1,2,2,3,1,2,4,11,12,23,25,77, 27, 23, 27, 19, 23, 2, 7, 1, 11, 2,4,1,2,2,7,11
20250119,1,3,2,2,2,2,9,14,16,17,25,33,114, 42, 24, 39, 11, 33, 5, 2, 1, 8, 8,1,1,2,5,8,8
20250116,2,3,1,1,2,3,7,8,14,18,21,27,95, 34, 20, 29, 13, 32, 1, 6, 4, 3, 6,1,1,3,4,6,6
20250114,3,3,0,3,3,0,1,7,8,17,20,22,75, 23, 21, 27, 13, 25, 6, 1, 9, 3, 2,2,1,2,3,6,9
20250112,1,2,3,4,0,2,10,16,19,27,28,30,130, 40, 20, 44, 12, 46, 6, 3, 8, 1, 2,0,1,2,3,6,8
20250109,2,1,3,1,3,2,3,7,17,27,29,32,115, 35, 29, 36, 22, 44, 4, 10, 10, 2, 3,2,2,3,4,10,10
20250107,1,2,3,3,3,0,10,19,20,26,28,29,132, 39, 19, 47, 9, 46, 9, 1, 6, 2, 1,0,1,1,2,6,9
20250105,1,4,1,2,1,3,9,12,13,15,22,26,97, 35, 17, 34, 10, 28, 3, 1, 2, 7, 4,3,1,2,3,4,7
20250102,2,3,1,1,2,3,2,3,17,18,22,33,95, 35, 31, 25, 19, 35, 1, 14, 1, 4, 11,4,1,1,4,11,14
20241231,2,2,2,3,3,0,5,10,16,19,29,32,111, 37, 27, 39, 19, 35, 5, 6, 3, 10, 3,1,3,3,5,6,10
20241229,0,4,2,2,4,0,13,14,20,22,26,32,127, 45, 19, 40, 12, 42, 1, 6, 2, 4, 6,3,1,2,4,6,6
20241226,2,4,0,2,1,3,3,9,16,17,18,22,85, 25, 19, 27, 9, 33, 6, 7, 1, 1, 4,2,1,1,4,6,7
20241224,2,3,1,1,2,3,2,6,15,16,21,23,83, 25, 21, 27, 15, 31, 4, 9, 1, 5, 2,3,1,2,4,5,9
20241222,2,3,1,2,2,2,5,11,13,16,21,30,96, 35, 25, 32, 10, 29, 6, 2, 3, 5, 9,3,2,3,5,6,9
20241219,3,1,2,2,3,1,2,4,11,22,27,32,98, 34, 30, 31, 23, 33, 2, 7, 11, 5, 5,4,2,5,5,7,11
20241217,2,2,2,3,1,2,1,3,16,22,23,30,95, 31, 29, 26, 20, 38, 2, 13, 6, 1, 7,4,1,2,6,7,13
20241215,3,2,1,0,4,2,2,9,11,17,20,30,89, 32, 28, 29, 11, 28, 7, 2, 6, 3, 10,2,2,3,6,7,10
20241212,3,1,2,1,3,2,2,5,11,22,30,33,103, 35, 31, 35, 25, 33, 3, 6, 11, 8, 3,4,3,3,6,8,11
20241210,2,3,1,4,0,2,4,6,13,21,22,25,91, 29, 21, 28, 16, 34, 2, 7, 8, 1, 3,3,1,2,3,7,8
20241208,3,1,2,2,2,2,1,2,7,15,24,29,78, 30, 28, 26, 22, 22, 1, 5, 8, 9, 5,2,1,5,5,8,9
20241205,3,2,1,3,3,0,4,7,8,17,22,26,84, 30, 22, 29, 15, 25, 3, 1, 9, 5, 4,1,1,3,4,5,9
20241203,0,4,2,2,3,1,15,16,20,22,23,29,125, 44, 14, 39, 7, 42, 1, 4, 2, 1, 6,2,1,1,2,4,6
20241201,3,1,2,2,2,2,2,7,11,21,27,28,96, 30, 26, 34, 20, 32, 5, 4, 10, 6, 1,3,1,4,5,6,10
20241128,3,1,2,3,1,2,4,9,10,19,26,27,95, 31, 23, 35, 17, 29, 5, 1, 9, 7, 1,0,1,1,5,7,9
20241126,2,2,2,1,2,3,3,11,15,21,25,26,101, 29, 23, 36, 14, 36, 8, 4, 6, 4, 1,3,1,4,4,6,8
20241124,2,2,2,1,3,2,5,11,17,18,30,31,112, 36, 26, 41, 19, 35, 6, 6, 1, 12, 1,2,1,1,6,6,12
20241121,2,4,0,3,2,1,2,4,13,16,18,20,73, 22, 18, 22, 14, 29, 2, 9, 3, 2, 2,2,2,2,2,3,9
20241119,2,1,3,1,1,4,1,11,15,27,30,33,117, 34, 32, 41, 19, 42, 10, 4, 12, 3, 3,3,3,3,4,10,12
20241117,2,0,4,4,0,2,1,4,25,27,28,33,118, 34, 32, 32, 24, 52, 3, 21, 2, 1, 5,2,1,2,3,5,21
20241114,3,2,1,1,4,1,4,5,11,15,20,32,87, 36, 28, 25, 15, 26, 1, 6, 4, 5, 12,2,1,4,5,6,12
20241112,2,3,1,2,2,2,1,8,12,17,19,24,81, 25, 23, 27, 11, 29, 7, 4, 5, 2, 5,2,2,4,5,5,7
20241110,2,2,2,3,1,2,9,10,13,19,24,32,107, 41, 23, 34, 14, 32, 1, 3, 6, 5, 8,2,1,3,5,6,8
20241107,2,3,1,2,3,1,1,8,13,18,20,26,86, 27, 25, 28, 12, 31, 7, 5, 5, 2, 6,2,2,5,5,6,7
20241105,2,2,2,1,4,1,2,5,13,20,27,32,99, 34, 30, 32, 22, 33, 3, 8, 7, 7, 5,3,3,5,7,7,8
20241103,0,2,4,0,3,3,14,18,23,24,26,33,138, 47, 19, 44, 8, 47, 4, 5, 1, 2, 7,2,1,2,4,5,7
20241031,2,2,2,3,1,2,1,4,13,18,26,30,92, 31, 29, 30, 22, 31, 3, 9, 5, 8, 4,2,3,4,5,8,9
20241029,1,3,2,1,3,2,2,14,15,17,25,30,103, 32, 28, 39, 11, 32, 12, 1, 2, 8, 5,1,1,2,5,8,12
20241027,1,2,3,1,2,3,2,15,22,26,30,33,128, 35, 31, 45, 15, 48, 13, 7, 4, 4, 3,3,3,4,4,7,13
20241024,3,2,1,2,3,1,5,7,9,16,17,29,83, 34, 24, 24, 10, 25, 2, 2, 7, 1, 12,0,1,2,2,7,12
20241022,3,1,2,4,0,2,1,7,10,13,27,33,91, 34, 32, 34, 20, 23, 6, 3, 3, 14, 6,3,3,3,6,6,14
20241020,4,2,0,3,2,1,1,5,7,11,18,19,61, 20, 18, 23, 13, 18, 4, 2, 4, 7, 1,2,1,2,4,4,7
20241017,2,0,4,1,3,2,2,9,26,27,31,32,127, 34, 30, 40, 22, 53, 7, 17, 1, 4, 1,3,1,1,4,7,17
20241015,5,1,0,1,2,3,2,3,4,6,11,15,41, 17, 13, 14, 8, 10, 1, 1, 2, 5, 4,3,1,1,2,4,5
20241013,1,3,2,1,3,2,3,12,14,16,29,32,106, 35, 29, 41, 17, 30, 9, 2, 2, 13, 3,3,2,2,3,9,13
20241010,1,3,2,3,2,1,1,15,20,22,31,32,121, 33, 31, 46, 16, 42, 14, 5, 2, 9, 1,4,1,2,5,9,14
20241008,3,1,2,3,1,2,3,10,11,19,27,28,98, 31, 25, 37, 17, 30, 7, 1, 8, 8, 1,2,1,1,7,8,8
20241006,2,1,3,1,2,3,7,11,18,24,27,32,119, 39, 25, 38, 16, 42, 4, 7, 6, 3, 5,2,3,4,5,6,7
20240929,2,0,4,2,3,1,4,5,23,24,26,31,113, 35, 27, 31, 21, 47, 1, 18, 1, 2, 5,2,1,1,2,5,18
20240926,2,1,3,2,4,0,8,11,16,25,29,32,121, 40, 24, 40, 18, 41, 3, 5, 9, 4, 3,2,3,3,4,5,9
20240924,3,2,1,3,1,2,1,4,11,12,22,30,80, 31, 29, 26, 18, 23, 3, 7, 1, 10, 8,4,1,3,7,8,10
20240922,1,2,3,3,2,1,4,13,17,23,25,33,115, 37, 29, 38, 12, 40, 9, 4, 6, 2, 8,3,2,4,6,8,9
20240919,2,0,4,2,1,3,3,4,24,28,29,33,121, 36, 30, 33, 25, 52, 1, 20, 4, 1, 4,2,1,1,4,4,20
20240917,3,0,3,1,2,3,1,8,9,23,24,30,95, 31, 29, 32, 16, 32, 7, 1, 14, 1, 6,2,1,1,6,7,14
20240915,3,3,0,3,2,1,1,6,8,13,17,19,64, 20, 18, 23, 11, 21, 5, 2, 5, 4, 2,2,2,2,4,5,5
20240912,3,1,2,2,2,2,3,8,11,22,31,33,108, 36, 30, 39, 23, 33, 5, 3, 11, 9, 2,5,2,3,5,9,11
20240910,2,2,2,1,4,1,2,5,17,19,29,33,105, 35, 31, 34, 24, 36, 3, 12, 2, 10, 4,2,2,3,4,10,12
20240908,1,1,4,1,4,1,5,16,23,24,26,29,123, 34, 24, 42, 10, 47, 11, 7, 1, 2, 3,1,1,2,3,7,11
20240905,0,2,4,0,2,4,12,21,23,27,32,33,148, 45, 21, 53, 11, 50, 9, 2, 4, 5, 1,5,1,2,4,5,9
20240903,1,4,1,2,0,4,9,15,18,21,22,25,110, 34, 16, 37, 7, 39, 6, 3, 3, 1, 3,2,1,3,3,3,6
20240901,1,4,1,1,2,3,8,12,15,17,19,30,101, 38, 22, 31, 7, 32, 4, 3, 2, 2, 11,1,2,2,3,4,11
20240829,0,4,2,2,2,2,13,14,19,20,27,30,123, 43, 17, 41, 13, 39, 1, 5, 1, 7, 3,1,1,1,3,5,7
20240827,1,2,3,1,2,3,4,12,17,24,26,27,110, 31, 23, 38, 14, 41, 8, 5, 7, 2, 1,1,1,2,5,7,8
20240825,3,1,2,2,2,2,3,8,10,20,30,31,102, 34, 28, 38, 22, 30, 5, 2, 10, 10, 1,2,1,2,5,10,10
20240822,2,3,1,3,0,3,4,10,12,13,18,30,87, 34, 26, 28, 8, 25, 6, 2, 1, 5, 12,2,1,2,5,6,12
20240820,2,2,2,1,3,2,2,4,14,18,23,27,88, 29, 25, 27, 19, 32, 2, 10, 4, 5, 4,2,2,4,4,5,10
20240818,3,3,0,2,1,3,4,6,9,14,16,21,70, 25, 17, 22, 10, 23, 2, 3, 5, 2, 5,1,2,2,3,5,5
20240815,1,3,2,3,1,2,6,13,17,22,25,27,110, 33, 21, 38, 12, 39, 7, 4, 5, 3, 2,2,2,3,4,5,7
20240813,4,2,0,2,2,2,1,5,7,11,12,15,51, 16, 14, 17, 7, 18, 4, 2, 4, 1, 3,3,1,2,3,4,4
20240811,3,2,1,0,3,3,3,8,11,12,18,29,81, 32, 26, 26, 10, 23, 5, 3, 1, 6, 11,3,1,3,5,6,11
20240808,0,5,1,3,1,2,13,15,16,19,20,24,107, 37, 11, 35, 5, 35, 2, 1, 3, 1, 4,1,1,1,2,3,4
20240806,2,1,3,2,3,1,7,11,17,24,31,32,122, 39, 25, 42, 20, 41, 4, 6, 7, 7, 1,3,1,4,6,7,7
20240804,3,2,1,1,0,5,3,6,9,15,18,31,82, 34, 28, 24, 12, 24, 3, 3, 6, 3, 13,2,3,3,3,6,13
20240801,3,1,2,1,3,2,3,8,10,17,30,32,100, 35, 29, 38, 22, 27, 5, 2, 7, 13, 2,2,2,2,5,7,13
20240730,2,3,1,1,2,3,3,9,18,19,20,26,95, 29, 23, 29, 11, 37, 6, 9, 1, 1, 6,1,1,1,6,6,9
20240728,0,3,3,3,3,0,17,19,20,23,25,31,135, 48, 14, 44, 6, 43, 2, 1, 3, 2, 6,2,1,2,2,3,6
20240725,2,2,2,1,2,3,1,5,15,21,23,27,92, 28, 26, 28, 18, 36, 4, 10, 6, 2, 4,3,2,4,4,6,10
20240723,3,2,1,4,2,0,1,8,10,13,19,29,80, 30, 28, 27, 11, 23, 7, 2, 3, 6, 10,2,2,3,6,7,10
20240721,2,1,3,0,3,3,3,9,14,29,32,33,120, 36, 30, 41, 23, 43, 6, 5, 15, 3, 1,3,1,3,5,6,15
20240718,2,3,1,3,3,0,1,2,13,16,17,29,78, 30, 28, 19, 15, 29, 1, 11, 3, 1, 12,3,1,1,3,11,12
20240716,2,2,2,2,2,2,1,6,12,17,23,25,84, 26, 24, 29, 17, 29, 5, 6, 5, 6, 2,3,2,5,5,6,6
20240714,2,1,3,0,2,4,6,11,12,27,29,30,115, 36, 24, 40, 18, 39, 5, 1, 15, 2, 1,2,1,1,2,5,15
20240711,4,1,1,2,2,2,2,3,6,7,16,26,60, 28, 24, 19, 13, 13, 1, 3, 1, 9, 10,2,1,1,3,9,10
20240709,2,3,1,1,3,2,5,9,14,21,22,26,97, 31, 21, 31, 13, 35, 4, 5, 7, 1, 4,2,1,4,4,5,7
20240707,3,3,0,3,2,1,1,4,6,14,17,22,64, 23, 21, 21, 13, 20, 3, 2, 8, 3, 5,2,2,3,3,5,8
20240704,1,1,4,1,2,3,3,22,24,27,29,32,137, 35, 29, 51, 7, 51, 19, 2, 3, 2, 3,3,2,2,3,3,19
20240702,3,2,1,2,2,2,3,5,8,18,22,28,84, 31, 25, 27, 17, 26, 2, 3, 10, 4, 6,2,2,3,4,6,10
20240630,3,1,2,3,2,1,7,8,10,22,24,32,103, 39, 25, 32, 16, 32, 1, 2, 12, 2, 8,2,1,2,2,8,12
20240627,2,2,2,1,0,5,3,9,12,18,28,30,100, 33, 27, 37, 19, 30, 6, 3, 6, 10, 2,2,2,3,6,6,10
20240625,1,3,2,1,3,2,1,14,20,21,23,27,106, 28, 26, 37, 9, 41, 13, 6, 1, 2, 4,3,1,2,4,6,13
20240623,2,1,3,3,2,1,2,8,19,28,30,31,118, 33, 29, 38, 22, 47, 6, 11, 9, 2, 1,2,1,2,6,9,11
20240620,1,4,1,4,1,1,4,13,18,20,22,28,105, 32, 24, 35, 9, 38, 9, 5, 2, 2, 6,2,2,2,5,6,9
20240618,1,3,2,1,2,3,6,13,20,21,24,32,116, 38, 26, 37, 11, 41, 7, 7, 1, 3, 8,3,1,3,7,7,8
20240616,3,3,0,3,2,1,1,2,7,19,20,21,70, 22, 20, 22, 18, 26, 1, 5, 12, 1, 1,3,1,1,1,5,12
20240613,2,2,2,3,3,0,1,11,13,17,25,29,96, 30, 28, 36, 14, 30, 10, 2, 4, 8, 4,3,2,4,4,8,10
20240611,2,2,2,1,3,2,8,9,12,22,26,32,109, 40, 24, 35, 17, 34, 1, 3, 10, 4, 6,3,1,3,4,6,10
20240609,4,2,0,3,1,2,3,5,9,10,19,22,68, 25, 19, 24, 14, 19, 2, 4, 1, 9, 3,2,1,2,3,4,9
20240606,2,2,2,1,2,3,6,8,17,18,28,30,107, 36, 24, 36, 20, 35, 2, 9, 1, 10, 2,0,1,2,2,9,10
20240604,1,2,3,3,3,0,7,14,16,23,28,32,120, 39, 25, 42, 14, 39, 7, 2, 7, 5, 4,2,2,4,5,7,7
20240602,3,2,1,4,0,2,1,7,10,16,18,27,79, 28, 26, 25, 11, 26, 6, 3, 6, 2, 9,1,2,3,6,6,9
20240530,2,2,2,4,0,2,1,9,18,22,25,28,103, 29, 27, 34, 16, 40, 8, 9, 4, 3, 3,2,3,3,4,8,9
20240528,4,1,1,4,1,1,1,2,6,10,22,28,69, 29, 27, 24, 20, 16, 1, 4, 4, 12, 6,3,1,4,4,6,12
20240526,2,1,3,3,1,2,1,3,14,25,31,33,107, 34, 32, 34, 28, 39, 2, 11, 11, 6, 2,4,2,2,6,11,11
20240523,1,3,2,1,3,2,8,12,13,17,27,29,106, 37, 21, 39, 15, 30, 4, 1, 4, 10, 2,2,1,2,4,4,10
20240521,2,2,2,1,3,2,3,8,17,18,23,31,100, 34, 28, 31, 15, 35, 5, 9, 1, 5, 8,3,1,5,5,8,9
20240519,1,2,3,1,3,2,5,18,20,24,25,26,118, 31, 21, 43, 7, 44, 13, 2, 4, 1, 1,0,1,1,2,4,13
20240516,4,1,1,3,2,1,2,4,6,7,16,29,64, 31, 27, 20, 12, 13, 2, 2, 1, 9, 13,1,1,2,2,9,13
20240514,1,2,3,3,3,0,8,13,20,25,31,32,129, 40, 24, 44, 18, 45, 5, 7, 5, 6, 1,3,1,5,5,6,7
20240512,1,3,2,3,1,2,7,14,21,22,28,33,125, 40, 26, 42, 14, 43, 7, 7, 1, 6, 5,3,1,5,6,7,7
20240509,3,3,0,2,2,2,7,10,11,15,17,21,81, 28, 14, 27, 7, 26, 3, 1, 4, 2, 4,2,1,2,3,4,4
20240507,2,2,2,2,3,1,5,9,13,20,23,28,98, 33, 23, 32, 14, 33, 4, 4, 7, 3, 5,2,3,4,4,5,7
20240505,4,1,1,4,0,2,1,3,7,10,22,33,76, 34, 32, 25, 19, 17, 2, 4, 3, 12, 11,4,2,3,4,11,12
20240502,0,3,3,0,4,2,12,15,17,23,26,32,125, 44, 20, 41, 11, 40, 3, 2, 6, 3, 6,3,2,3,3,6,6
20240430,2,2,2,2,2,2,2,9,15,19,26,28,99, 30, 26, 35, 17, 34, 7, 6, 4, 7, 2,1,2,4,6,7,7
20240428,2,1,3,1,3,2,7,8,21,26,29,30,121, 37, 23, 37, 21, 47, 1, 13, 5, 3, 1,1,1,1,3,5,13
20240425,4,1,1,1,4,1,2,6,10,11,17,29,75, 31, 27, 23, 11, 21, 4, 4, 1, 6, 12,2,1,4,4,6,12
20240423,2,1,3,1,4,1,2,8,19,23,24,26,102, 28, 24, 32, 16, 42, 6, 11, 4, 1, 2,2,1,2,4,6,11
20240421,2,1,3,1,3,2,2,6,17,25,32,33,115, 35, 31, 38, 26, 42, 4, 11, 8, 7, 1,3,1,4,7,8,11
20240418,3,2,1,2,1,3,4,6,7,14,15,24,70, 28, 20, 21, 9, 21, 2, 1, 7, 1, 9,0,1,1,2,7,9
20240416,3,1,2,1,5,0,2,4,5,14,26,32,83, 34, 30, 30, 22, 19, 2, 1, 9, 12, 6,2,1,2,6,9,12
20240414,2,2,2,2,1,3,2,9,12,22,25,33,103, 35, 31, 34, 16, 34, 7, 3, 10, 3, 8,4,3,3,7,8,10
20240411,1,3,2,1,4,1,11,14,18,19,23,26,111, 37, 15, 37, 9, 37, 3, 4, 1, 4, 3,2,1,3,3,4,4
20240409,2,1,3,1,2,3,2,6,12,29,30,31,110, 33, 29, 36, 24, 41, 4, 6, 17, 1, 1,3,1,1,4,6,17
20240407,2,1,3,2,2,2,8,10,18,23,27,31,117, 39, 23, 37, 17, 41, 2, 8, 5, 4, 4,2,2,4,4,5,8
20240404,4,2,0,2,2,2,1,4,5,6,12,14,42, 15, 13, 16, 8, 11, 3, 1, 1, 6, 2,2,1,1,2,3,6
20240402,3,2,1,1,2,3,2,8,9,12,21,31,83, 33, 29, 29, 13, 21, 6, 1, 3, 9, 10,4,1,3,6,9,10
20240331,2,3,1,2,4,0,5,7,14,17,22,32,97, 37, 27, 29, 15, 31, 2, 7, 3, 5, 10,2,2,3,5,7,10
20240328,2,3,1,2,1,3,2,9,12,19,21,31,94, 33, 29, 30, 12, 31, 7, 3, 7, 2, 10,4,2,3,7,7,10
20240326,3,2,1,1,3,2,6,10,11,18,20,32,97, 38, 26, 30, 10, 29, 4, 1, 7, 2, 12,2,1,2,4,7,12
20240324,4,2,0,2,1,3,1,3,4,11,12,21,52, 22, 20, 15, 9, 15, 2, 1, 7, 1, 9,5,1,1,2,7,9
20240321,2,1,3,3,1,2,9,10,13,25,30,32,119, 41, 23, 40, 20, 38, 1, 3, 12, 5, 2,2,1,2,3,5,12
20240319,2,1,3,3,2,1,1,8,22,25,29,33,118, 34, 32, 37, 21, 47, 7, 14, 3, 4, 4,3,3,4,4,7,14
20240317,0,2,4,2,1,3,12,18,23,25,28,33,139, 45, 21, 46, 10, 48, 6, 5, 2, 3, 5,3,2,3,5,5,6
20240314,4,2,0,2,2,2,3,7,8,11,18,19,66, 22, 16, 25, 11, 19, 4, 1, 3, 7, 1,2,1,1,3,4,7
20240312,2,1,3,2,2,2,2,6,13,27,28,32,108, 34, 30, 34, 22, 40, 4, 7, 14, 1, 4,3,1,4,4,7,14
20240310,2,3,1,4,1,1,4,7,18,19,20,25,93, 29, 21, 27, 13, 37, 3, 11, 1, 1, 5,0,1,1,3,5,11
20240307,1,3,2,2,1,3,8,15,21,22,25,33,124, 41, 25, 40, 10, 43, 7, 6, 1, 3, 8,3,1,3,6,7,8
20240305,2,1,3,1,1,4,3,7,21,24,26,30,111, 33, 27, 33, 19, 45, 4, 14, 3, 2, 4,2,2,3,4,4,14
20240303,2,1,3,5,1,0,1,10,22,25,28,32,118, 33, 31, 38, 18, 47, 9, 12, 3, 3, 4,3,3,3,4,9,12
20240229,3,2,1,0,4,2,2,9,11,14,18,26,80, 28, 24, 27, 9, 25, 7, 2, 3, 4, 8,2,2,3,4,7,8
20240227,2,2,2,2,2,2,4,6,16,17,23,24,90, 28, 20, 29, 17, 33, 2, 10, 1, 6, 1,1,1,1,2,6,10
20240225,2,3,1,0,3,3,3,8,12,14,17,33,87, 36, 30, 25, 9, 26, 5, 4, 2, 3, 16,3,2,3,4,5,16
20240222,2,4,0,1,4,1,5,11,12,16,17,20,81, 25, 15, 28, 6, 28, 6, 1, 4, 1, 3,2,1,1,3,4,6
20240220,1,2,3,1,2,3,6,15,17,24,28,29,119, 35, 23, 43, 13, 41, 9, 2, 7, 4, 1,0,1,2,4,7,9
20240218,1,3,2,3,3,0,4,17,19,20,25,32,117, 36, 28, 42, 8, 39, 13, 2, 1, 5, 7,1,1,2,5,7,13
20240206,1,2,3,1,2,3,7,12,20,24,32,33,128, 40, 26, 44, 20, 44, 5, 8, 4, 8, 1,3,1,4,5,8,8
20240204,2,3,1,0,3,3,3,8,17,18,20,30,96, 33, 27, 28, 12, 35, 5, 9, 1, 2, 10,1,1,2,5,9,10
20240201,3,1,2,4,1,1,1,2,10,22,24,25,84, 26, 24, 26, 22, 32, 1, 8, 12, 2, 1,3,1,1,2,8,12
20240130,3,2,1,4,1,1,1,7,10,14,21,25,78, 26, 24, 28, 14, 24, 6, 3, 4, 7, 4,2,3,4,4,6,7
20240128,3,2,1,4,0,2,1,3,7,18,22,28,79, 29, 27, 25, 19, 25, 2, 4, 11, 4, 6,3,2,4,4,6,11
20240125,1,3,2,2,2,2,8,12,16,20,27,31,114, 39, 23, 39, 15, 36, 4, 4, 4, 7, 4,2,4,4,4,4,7
20240123,1,3,2,1,3,2,11,16,20,21,23,24,115, 35, 13, 39, 7, 41, 5, 4, 1, 2, 1,3,1,1,2,4,5
20240121,4,1,1,4,2,0,1,4,7,10,17,23,62, 24, 22, 21, 13, 17, 3, 3, 3, 7, 6,2,3,3,3,6,7
20240118,1,2,3,0,3,3,8,20,21,23,27,30,129, 38, 22, 47, 7, 44, 12, 1, 2, 4, 3,2,1,2,3,4,12
20240116,4,2,0,3,2,1,4,5,6,7,20,22,64, 26, 18, 25, 15, 13, 1, 1, 1, 13, 2,1,1,1,1,2,13
20240114,1,3,2,1,3,2,7,18,20,21,26,32,124, 39, 25, 44, 8, 41, 11, 2, 1, 5, 6,2,1,2,5,6,11
20240111,2,1,3,1,4,1,5,6,20,23,25,32,111, 37, 27, 31, 19, 43, 1, 14, 3, 2, 7,2,1,2,3,7,14
20240109,1,4,1,1,1,4,9,13,17,18,21,27,105, 36, 18, 34, 8, 35, 4, 4, 1, 3, 6,2,1,3,4,4,6
20240107,3,1,2,2,3,1,1,5,8,13,32,33,92, 34, 32, 37, 27, 21, 4, 3, 5, 19, 1,4,1,3,4,5,19
20240104,3,3,0,3,2,1,4,9,10,17,19,20,79, 24, 16, 28, 10, 27, 5, 1, 7, 2, 1,0,1,1,2,5,7
20240102,2,1,3,2,2,2,3,7,16,26,27,32,111, 35, 29, 34, 20, 42, 4, 9, 10, 1, 5,2,1,4,5,9,10
20231231,1,3,2,3,1,2,1,15,16,20,25,27,104, 28, 26, 40, 10, 36, 14, 1, 4, 5, 2,1,1,2,4,5,14
20231228,1,1,4,2,2,2,10,17,25,26,30,33,141, 43, 23, 47, 13, 51, 7, 8, 1, 4, 3,1,1,3,4,7,8
20231226,2,1,3,2,2,2,2,10,19,24,26,33,114, 35, 31, 36, 16, 43, 8, 9, 5, 2, 7,2,2,5,7,8,9
20231224,4,2,0,2,2,2,3,5,7,9,19,20,63, 23, 17, 24, 14, 16, 2, 2, 2, 10, 1,1,1,2,2,2,10
20231221,2,3,1,2,3,1,5,6,14,16,19,32,92, 37, 27, 25, 13, 30, 1, 8, 2, 3, 13,1,1,2,3,8,13
20231219,4,1,1,0,4,2,2,3,6,11,20,32,74, 34, 30, 23, 17, 17, 1, 3, 5, 9, 12,4,1,3,5,9,12
20231217,2,2,2,3,1,2,7,10,21,22,23,24,107, 31, 17, 33, 13, 43, 3, 11, 1, 1, 1,3,1,1,1,3,11
20231214,0,4,2,3,1,2,12,16,17,22,25,27,119, 39, 15, 41, 9, 39, 4, 1, 5, 3, 2,2,1,2,3,4,5
20231212,3,1,2,2,2,2,5,7,9,16,23,30,90, 35, 25, 30, 16, 25, 2, 2, 7, 7, 7,1,2,2,7,7,7
20231210,2,2,2,0,3,3,2,8,20,21,27,33,111, 35, 31, 35, 19, 41, 6, 12, 1, 6, 6,3,1,6,6,6,12
20231207,3,2,1,1,3,2,1,8,11,12,21,23,76, 24, 22, 29, 13, 23, 7, 3, 1, 9, 2,5,1,2,3,7,9
20231205,3,1,2,2,2,2,3,4,11,14,30,31,93, 34, 28, 34, 26, 25, 1, 7, 3, 16, 1,3,1,1,3,7,16
20231203,0,4,2,2,1,3,12,14,19,21,27,31,124, 43, 19, 41, 13, 40, 2, 5, 2, 6, 4,3,2,2,4,5,6
20231130,1,1,4,3,0,3,3,22,28,30,31,33,147, 36, 30, 53, 9, 58, 19, 6, 2, 1, 2,4,1,2,2,6,19
20231128,1,3,2,1,2,3,3,12,17,19,23,27,101, 30, 24, 35, 11, 36, 9, 5, 2, 4, 4,3,2,4,4,5,9
20231126,3,2,1,2,2,2,3,5,10,21,22,26,87, 29, 23, 27, 17, 31, 2, 5, 11, 1, 4,3,1,2,4,5,11
20231123,3,1,2,2,2,2,5,6,11,13,28,30,93, 35, 25, 34, 22, 24, 1, 5, 2, 15, 2,2,1,2,2,5,15
20231121,3,2,1,1,3,2,5,8,9,17,22,33,94, 38, 28, 30, 14, 26, 3, 1, 8, 5, 11,2,1,3,5,8,11
20231119,3,2,1,4,2,0,4,5,10,14,22,25,80, 29, 21, 27, 17, 24, 1, 5, 4, 8, 3,1,1,3,4,5,8
20231116,3,1,2,1,1,4,3,9,11,15,25,27,90, 30, 24, 34, 16, 26, 6, 2, 4, 10, 2,2,2,2,4,6,10
20231114,2,2,2,1,4,1,6,7,14,20,26,32,105, 38, 26, 33, 19, 34, 1, 7, 6, 6, 6,1,1,6,6,6,7
20231112,2,2,2,3,3,0,4,10,17,22,23,32,108, 36, 28, 33, 13, 39, 6, 7, 5, 1, 9,3,1,5,6,7,9
20231109,2,2,2,0,3,3,8,9,12,17,32,33,111, 41, 25, 41, 23, 29, 1, 3, 5, 15, 1,3,1,1,3,5,15
20231107,1,3,2,2,1,3,7,16,20,21,27,33,124, 40, 26, 43, 11, 41, 9, 4, 1, 6, 6,2,1,4,6,6,9
20231105,2,2,2,2,3,1,3,8,19,22,26,32,110, 35, 29, 34, 18, 41, 5, 11, 3, 4, 6,3,3,4,5,6,11
20231102,1,0,5,3,2,1,10,24,26,28,29,31,148, 41, 21, 53, 5, 54, 14, 2, 2, 1, 2,1,1,2,2,2,14
20231031,1,2,3,0,2,4,11,14,15,27,30,33,130, 44, 22, 44, 16, 42, 3, 1, 12, 3, 3,2,1,3,3,3,12
20231029,2,2,2,1,2,3,2,3,17,18,25,30,95, 32, 28, 28, 22, 35, 1, 14, 1, 7, 5,2,1,1,5,7,14
20231026,1,3,2,3,2,1,10,13,15,22,29,32,121, 42, 22, 42, 16, 37, 3, 2, 7, 7, 3,3,2,3,3,7,7
20231024,2,3,1,1,3,2,7,8,14,18,20,30,97, 37, 23, 28, 12, 32, 1, 6, 4, 2, 10,0,1,2,4,6,10
20231022,1,2,3,3,1,2,2,12,16,25,30,31,116, 33, 29, 42, 18, 41, 10, 4, 9, 5, 1,3,1,4,5,9,10
20231019,2,1,3,1,2,3,3,8,13,24,27,29,104, 32, 26, 35, 19, 37, 5, 5, 11, 3, 2,2,2,3,5,5,11
20231017,3,2,1,3,1,2,1,2,3,19,21,28,74, 29, 27, 23, 19, 22, 1, 1, 16, 2, 7,4,1,1,2,7,16
20231015,3,1,2,3,3,0,1,2,11,19,25,29,87, 30, 28, 27, 23, 30, 1, 9, 8, 6, 4,3,1,4,6,8,9
20231012,2,3,1,1,4,1,2,11,14,17,18,28,90, 30, 26, 29, 7, 31, 9, 3, 3, 1, 10,2,1,3,3,9,10
20231010,3,1,2,1,2,3,2,8,9,13,24,27,83, 29, 25, 32, 16, 22, 6, 1, 4, 11, 3,2,1,3,4,6,11
20231008,2,2,2,2,2,2,2,7,16,21,26,27,99, 29, 25, 33, 19, 37, 5, 9, 5, 5, 1,2,1,5,5,5,9
20231005,2,3,1,2,2,2,7,9,15,16,17,26,90, 33, 19, 26, 8, 31, 2, 6, 1, 1, 9,0,1,1,2,6,9
20230928,2,2,2,3,1,2,1,2,13,18,25,27,86, 28, 26, 27, 23, 31, 1, 11, 5, 7, 2,3,1,2,5,7,11
20230926,1,3,2,3,0,3,9,12,13,22,24,31,111, 40, 22, 36, 12, 35, 3, 1, 9, 2, 7,4,1,2,3,7,9
20230924,2,3,1,0,3,3,5,6,12,17,20,33,93, 38, 28, 26, 14, 29, 1, 6, 5, 3, 13,2,1,3,5,6,13
20230921,2,1,3,1,3,2,2,6,20,25,29,33,115, 35, 31, 35, 23, 45, 4, 14, 5, 4, 4,2,4,4,4,5,14
20230919,3,2,1,4,1,1,6,8,10,13,16,28,81, 34, 22, 24, 8, 23, 2, 2, 3, 3, 12,1,2,2,3,3,12
20230917,4,1,1,1,1,4,1,3,6,8,18,24,60, 25, 23, 21, 15, 14, 2, 3, 2, 10, 6,2,2,2,3,6,10
20230914,2,1,3,2,1,3,3,7,18,25,29,33,115, 36, 30, 36, 22, 43, 4, 11, 7, 4, 4,2,4,4,4,7,11
20230912,3,2,1,3,1,2,7,9,10,20,22,24,92, 31, 17, 31, 13, 30, 2, 1, 10, 2, 2,1,1,2,2,2,10
20230910,3,0,3,1,3,2,1,3,5,26,30,32,97, 33, 31, 33, 27, 31, 2, 2, 21, 4, 2,3,2,2,2,4,21
20230907,1,1,4,4,1,1,10,19,23,25,30,31,138, 41, 21, 49, 11, 48, 9, 4, 2, 5, 1,2,1,2,4,5,9
20230905,2,1,3,2,2,2,5,6,13,24,25,29,102, 34, 24, 31, 19, 37, 1, 7, 11, 1, 4,1,1,1,4,7,11
20230903,3,2,1,4,0,2,1,9,10,13,21,28,82, 29, 27, 30, 12, 23, 8, 1, 3, 8, 7,3,1,3,7,8,8
20230831,3,2,1,1,2,3,1,5,9,15,18,26,74, 27, 25, 23, 13, 24, 4, 4, 6, 3, 8,1,3,4,4,6,8
20230829,2,2,2,1,2,3,5,6,12,15,23,25,86, 30, 20, 29, 17, 27, 1, 6, 3, 8, 2,2,1,2,3,6,8
20230827,2,2,2,1,2,3,9,11,14,19,27,33,113, 42, 24, 38, 16, 33, 2, 3, 5, 8, 6,2,2,3,5,6,8
20230824,3,2,1,1,3,2,2,10,11,14,21,27,85, 29, 25, 31, 11, 25, 8, 1, 3, 7, 6,3,1,3,6,7,8
20230822,2,2,2,2,2,2,1,9,14,19,29,30,102, 31, 29, 38, 20, 33, 8, 5, 5, 10, 1,1,1,5,5,8,10
20230820,2,1,3,1,4,1,8,11,18,26,31,32,126, 40, 24, 42, 20, 44, 3, 7, 8, 5, 1,3,1,3,5,7,8
20230817,2,3,1,2,3,1,3,8,16,17,22,26,92, 29, 23, 30, 14, 33, 5, 8, 1, 5, 4,2,1,4,5,5,8
20230815,2,2,2,2,1,3,6,10,12,14,30,31,103, 37, 25, 40, 20, 26, 4, 2, 2, 16, 1,2,1,2,2,4,16
20230813,1,1,4,2,1,3,10,21,24,25,27,32,139, 42, 22, 48, 6, 49, 11, 3, 1, 2, 5,2,1,2,3,5,11
20230810,1,1,4,1,1,4,3,12,24,25,32,33,129, 36, 30, 44, 20, 49, 9, 12, 1, 7, 1,4,1,1,7,9,12
20230808,0,3,3,2,3,1,16,20,22,26,30,32,146, 48, 16, 50, 10, 48, 4, 2, 4, 4, 2,2,2,2,4,4,4
20230806,3,0,3,2,2,2,1,2,9,26,30,31,99, 32, 30, 32, 28, 35, 1, 7, 17, 4, 1,3,1,1,4,7,17
20230803,1,2,3,3,1,2,8,13,15,27,28,31,122, 39, 23, 41, 15, 42, 5, 2, 12, 1, 3,2,1,2,3,5,12
20230801,1,2,3,2,2,2,1,14,18,26,31,33,123, 34, 32, 45, 17, 44, 13, 4, 8, 5, 2,3,2,4,5,8,13
20230730,2,2,2,1,2,3,2,9,15,17,28,33,104, 35, 31, 37, 19, 32, 7, 6, 2, 11, 5,2,2,5,6,7,11
20230727,3,1,2,2,3,1,8,9,10,22,26,32,107, 40, 24, 35, 17, 32, 1, 1, 12, 4, 6,2,1,1,4,6,12
20230725,1,1,4,1,2,3,11,18,23,24,31,33,140, 44, 22, 49, 13, 47, 7, 5, 1, 7, 2,4,1,2,5,7,7
20230723,1,4,1,2,2,2,9,13,14,17,19,27,99, 36, 18, 32, 6, 31, 4, 1, 3, 2, 8,1,1,2,3,4,8
20230720,2,3,1,3,1,2,7,10,12,16,17,30,92, 37, 23, 27, 7, 28, 3, 2, 4, 1, 13,1,1,2,3,4,13
20230718,1,2,3,2,0,4,4,18,19,24,27,30,122, 34, 26, 45, 9, 43, 14, 1, 5, 3, 3,0,1,3,3,5,14
20230716,2,3,1,4,1,1,1,11,15,16,22,31,96, 32, 30, 33, 11, 31, 10, 4, 1, 6, 9,4,1,4,6,9,10
20230713,4,0,2,4,1,1,1,2,4,9,25,31,72, 32, 30, 27, 23, 13, 1, 2, 5, 16, 6,3,1,2,5,6,16
20230711,3,3,0,1,1,4,5,6,9,12,21,22,75, 27, 17, 27, 15, 21, 1, 3, 3, 9, 1,3,1,1,3,3,9
20230709,2,2,2,2,2,2,6,8,14,19,30,31,108, 37, 25, 38, 22, 33, 2, 6, 5, 11, 1,1,1,2,5,6,11
20230706,2,2,2,2,2,2,7,9,14,22,26,27,105, 34, 20, 35, 17, 36, 2, 5, 8, 4, 1,1,1,2,4,5,8
20230704,2,4,0,3,0,3,3,4,15,18,19,22,81, 25, 19, 23, 15, 33, 1, 11, 3, 1, 3,2,1,1,3,3,11
20230702,0,2,4,3,0,3,13,15,24,28,30,31,141, 44, 18, 45, 15, 52, 2, 9, 4, 2, 1,2,1,2,2,4,9
20230629,3,3,0,1,2,3,2,8,9,18,19,21,77, 23, 19, 27, 11, 27, 6, 1, 9, 1, 2,2,1,1,2,6,9
20230627,2,2,2,3,1,2,1,3,15,16,25,32,92, 33, 31, 28, 22, 31, 2, 12, 1, 9, 7,3,1,2,7,9,12
20230625,3,0,3,2,1,3,2,6,10,24,25,33,100, 35, 31, 31, 19, 34, 4, 4, 14, 1, 8,2,1,4,4,8,14
20230622,1,3,2,1,2,3,5,12,15,19,24,26,101, 31, 21, 36, 12, 34, 7, 3, 4, 5, 2,1,2,3,4,5,7
20230620,2,0,4,2,2,2,3,5,25,31,32,33,129, 36, 30, 37, 27, 56, 2, 20, 6, 1, 1,4,1,1,2,6,20
20230618,0,5,1,0,4,2,12,14,17,20,21,26,110, 38, 14, 35, 7, 37, 2, 3, 3, 1, 5,2,1,2,3,3,5
20230615,1,3,2,0,2,4,11,12,15,18,29,33,118, 44, 22, 41, 17, 33, 1, 3, 3, 11, 4,3,1,3,3,4,11
20230613,2,2,2,3,1,2,1,3,12,19,28,32,95, 33, 31, 31, 25, 31, 2, 9, 7, 9, 4,4,2,4,7,9,9
20230611,4,0,2,3,3,0,2,7,8,10,26,31,84, 33, 29, 33, 19, 18, 5, 1, 2, 16, 5,2,1,2,5,5,16
20230608,1,3,2,0,5,1,2,14,17,20,26,33,112, 35, 31, 40, 12, 37, 12, 3, 3, 6, 7,2,3,3,6,7,12
20230606,3,3,0,3,1,2,1,7,11,12,16,18,65, 19, 17, 23, 9, 23, 6, 4, 1, 4, 2,3,1,2,4,4,6
20230604,2,3,1,2,3,1,4,8,17,20,22,27,98, 31, 23, 30, 14, 37, 4, 9, 3, 2, 5,1,2,3,4,5,9
20230601,1,1,4,1,3,2,11,19,23,24,26,33,136, 44, 22, 45, 7, 47, 8, 4, 1, 2, 7,3,1,2,4,7,8
20230530,4,2,0,3,1,2,1,4,6,11,12,22,56, 23, 21, 16, 8, 17, 3, 2, 5, 1, 10,4,1,2,3,5,10
20230528,2,2,2,2,2,2,9,11,17,19,30,31,117, 40, 22, 41, 19, 36, 2, 6, 2, 11, 1,2,1,2,2,6,11
20230525,2,2,2,2,2,2,2,6,13,22,27,32,102, 34, 30, 33, 21, 35, 4, 7, 9, 5, 5,4,4,5,5,7,9
20230523,1,2,3,2,2,2,10,17,22,26,30,33,138, 43, 23, 47, 13, 48, 7, 5, 4, 4, 3,2,3,4,4,5,7
20230521,3,1,2,1,4,1,2,5,10,17,24,32,90, 34, 30, 29, 19, 27, 3, 5, 7, 7, 8,2,3,5,7,7,8
20230518,1,3,2,0,3,3,8,14,15,18,23,33,111, 41, 25, 37, 9, 33, 6, 1, 3, 5, 10,2,1,3,5,6,10
20230516,2,1,3,1,3,2,3,4,20,23,27,32,109, 35, 29, 31, 23, 43, 1, 16, 3, 4, 5,3,1,3,4,5,16
20230514,4,1,1,1,2,3,5,6,9,10,15,26,71, 31, 21, 21, 9, 19, 1, 3, 1, 5, 11,0,1,1,3,5,11
20230511,2,2,2,2,2,2,1,7,14,20,27,30,99, 31, 29, 34, 20, 34, 6, 7, 6, 7, 3,1,3,6,6,7,7
20230509,4,2,0,1,3,2,3,4,5,8,12,17,49, 20, 14, 16, 8, 13, 1, 1, 3, 4, 5,2,1,1,3,4,5
20230507,0,1,5,1,3,2,22,26,29,30,32,33,172, 55, 11, 58, 6, 59, 4, 3, 1, 2, 1,3,1,1,2,3,4
20230504,3,2,1,2,3,1,2,7,9,14,22,23,77, 25, 21, 29, 15, 23, 5, 2, 5, 8, 1,3,1,2,5,5,8
20230502,2,1,3,2,3,1,5,7,14,23,25,27,101, 32, 22, 32, 18, 37, 2, 7, 9, 2, 2,1,2,2,2,7,9
20230430,3,0,3,2,1,3,2,3,10,24,28,30,97, 32, 28, 31, 25, 34, 1, 7, 14, 4, 2,2,1,2,4,7,14
20230427,2,1,3,2,3,1,5,7,14,23,31,33,113, 38, 28, 38, 24, 37, 2, 7, 9, 8, 2,3,2,2,7,8,9
20230425,2,1,3,2,3,1,6,8,17,25,26,28,110, 34, 22, 34, 18, 42, 2, 9, 8, 1, 2,0,1,2,2,8,9
20230423,2,2,2,1,0,5,3,6,12,21,27,28,97, 31, 25, 33, 21, 33, 3, 6, 9, 6, 1,3,1,3,6,6,9
20230420,2,2,2,1,3,2,2,8,15,22,24,26,97, 28, 24, 32, 16, 37, 6, 7, 7, 2, 2,2,2,2,6,7,7
20230418,2,2,2,1,3,2,5,8,12,20,24,28,97, 33, 23, 32, 16, 32, 3, 4, 8, 4, 4,1,3,4,4,4,8
20230416,1,2,3,1,3,2,10,17,20,23,27,30,127, 40, 20, 44, 10, 43, 7, 3, 3, 4, 3,1,3,3,3,4,7
20230413,2,3,1,2,0,4,1,6,12,13,15,24,71, 25, 23, 21, 9, 25, 5, 6, 1, 2, 9,3,1,2,5,6,9
20230411,1,2,3,2,2,2,9,16,17,24,29,31,126, 40, 22, 45, 13, 41, 7, 1, 7, 5, 2,1,1,2,5,7,7
20230409,3,2,1,3,1,2,2,3,9,13,19,28,74, 30, 26, 22, 16, 22, 1, 6, 4, 6, 9,3,1,4,6,6,9
20230406,2,2,2,1,3,2,2,9,14,17,31,33,106, 35, 31, 40, 22, 31, 7, 5, 3, 14, 2,3,2,3,5,7,14
20230404,1,0,5,2,4,0,8,23,25,26,29,31,142, 39, 23, 52, 6, 51, 15, 2, 1, 3, 2,2,1,2,2,3,15
20230402,0,4,2,2,1,3,13,14,18,19,24,30,118, 43, 17, 38, 10, 37, 1, 4, 1, 5, 6,1,1,1,4,5,6
20230330,4,1,1,3,1,2,1,4,9,10,20,33,77, 34, 32, 24, 16, 19, 3, 5, 1, 10, 13,2,1,3,5,10,13
20230328,4,2,0,0,3,3,2,3,9,11,12,17,54, 19, 15, 15, 9, 20, 1, 6, 2, 1, 5,4,1,1,2,5,6
20230326,2,1,3,1,3,2,8,9,13,23,24,26,103, 34, 18, 33, 15, 36, 1, 4, 10, 1, 2,2,1,1,2,4,10
20230323,1,2,3,2,2,2,6,19,20,26,28,33,132, 39, 27, 47, 9, 46, 13, 1, 6, 2, 5,1,1,2,5,6,13
20230321,1,1,4,2,2,2,7,14,27,29,31,33,141, 40, 26, 45, 17, 56, 7, 13, 2, 2, 2,2,2,2,2,7,13
20230319,3,1,2,3,1,2,2,3,7,16,30,31,89, 33, 29, 33, 27, 23, 1, 4, 9, 14, 1,3,1,1,4,9,14
20230316,2,1,3,2,0,4,3,7,12,24,28,33,107, 36, 30, 35, 21, 36, 4, 5, 12, 4, 5,3,4,4,5,5,12
20230314,3,3,0,3,3,0,5,7,10,17,20,22,81, 27, 17, 27, 13, 27, 2, 3, 7, 3, 2,1,2,2,3,3,7
20230312,2,1,3,2,2,2,8,10,22,27,32,33,132, 41, 25, 42, 22, 49, 2, 12, 5, 5, 1,3,1,2,5,5,12
20230309,1,1,4,2,1,3,1,18,26,30,31,33,139, 34, 32, 49, 13, 56, 17, 8, 4, 1, 2,3,1,2,4,8,17
20230307,1,3,2,3,2,1,4,16,20,21,31,32,124, 36, 28, 47, 15, 41, 12, 4, 1, 10, 1,3,1,1,4,10,12
20230305,3,1,2,1,1,4,3,6,9,17,27,28,90, 31, 25, 33, 21, 26, 3, 3, 8, 10, 1,1,1,3,3,8,10
20230302,3,1,2,2,2,2,5,8,10,15,24,25,87, 30, 20, 32, 16, 25, 3, 2, 5, 9, 1,0,1,2,3,5,9
20230228,2,2,2,3,2,1,10,11,18,19,23,31,112, 41, 21, 34, 12, 37, 1, 7, 1, 4, 8,3,1,1,4,7,8
20230226,3,2,1,1,2,3,2,5,6,19,21,27,80, 29, 25, 26, 16, 25, 3, 1, 13, 2, 6,2,1,2,3,6,13
20230223,1,3,2,1,2,3,1,12,17,18,26,27,101, 28, 26, 38, 14, 35, 11, 5, 1, 8, 1,2,1,1,5,8,11
20230221,1,1,4,1,3,2,6,12,26,28,29,32,133, 38, 26, 41, 17, 54, 6, 14, 2, 1, 3,2,1,2,3,6,14
20230219,1,3,2,4,1,1,10,12,17,19,25,31,114, 41, 21, 37, 13, 36, 2, 5, 2, 6, 6,2,2,2,5,6,6
20230216,2,2,2,1,4,1,5,11,18,20,26,28,108, 33, 23, 37, 15, 38, 6, 7, 2, 6, 2,1,2,2,6,6,7
20230214,0,3,3,3,2,1,14,16,19,23,28,30,130, 44, 16, 44, 12, 42, 2, 3, 4, 5, 2,1,2,2,3,4,5
20230212,2,2,2,0,4,2,2,3,14,21,29,32,101, 34, 30, 32, 26, 35, 1, 11, 7, 8, 3,4,1,3,7,8,11
20230209,2,1,3,1,1,4,6,7,18,23,27,30,111, 36, 24, 34, 20, 41, 1, 11, 5, 4, 3,1,1,3,4,5,11
20230207,2,2,2,2,2,2,6,10,14,22,23,33,108, 39, 27, 33, 13, 36, 4, 4, 8, 1, 10,3,1,4,4,8,10
20230205,3,1,2,3,1,2,3,4,7,22,26,30,92, 33, 27, 30, 22, 29, 1, 3, 15, 4, 4,2,1,3,4,4,15
20230202,2,4,0,3,1,2,6,7,16,17,21,22,89, 28, 16, 28, 14, 33, 1, 9, 1, 4, 1,2,1,1,1,4,9
20230131,2,2,2,2,2,2,4,5,13,18,27,29,96, 33, 25, 32, 22, 31, 1, 8, 5, 9, 2,1,1,2,5,8,9
20230129,2,1,3,2,2,2,3,4,19,23,30,32,111, 35, 29, 34, 26, 42, 1, 15, 4, 7, 2,3,1,2,4,7,15
20230117,1,3,2,2,3,1,5,13,18,20,26,28,110, 33, 23, 39, 13, 38, 8, 5, 2, 6, 2,1,2,2,5,6,8
20230115,3,1,2,3,1,2,5,6,9,22,25,31,98, 36, 26, 31, 19, 31, 1, 3, 13, 3, 6,2,1,3,3,6,13
20230112,2,2,2,1,3,2,2,10,12,14,24,26,88, 28, 24, 34, 14, 26, 8, 2, 2, 10, 2,2,2,2,2,8,10
20230110,3,3,0,2,3,1,2,6,8,13,14,19,62, 21, 17, 20, 8, 21, 4, 2, 5, 1, 5,2,1,2,4,5,5
20230108,2,3,1,4,1,1,1,7,15,16,20,25,84, 26, 24, 27, 13, 31, 6, 8, 1, 4, 5,1,1,4,5,6,8
20230105,2,1,3,1,3,2,5,8,18,25,30,32,118, 37, 27, 38, 22, 43, 3, 10, 7, 5, 2,1,2,3,5,7,10
20230103,3,3,0,3,1,2,2,6,10,16,18,22,74, 24, 20, 24, 12, 26, 4, 4, 6, 2, 4,2,2,4,4,4,6
20230101,1,3,2,3,1,2,9,16,18,22,28,32,125, 41, 23, 44, 12, 40, 7, 2, 4, 6, 4,2,2,4,4,6,7
20221229,3,2,1,4,1,1,1,7,11,12,22,28,81, 29, 27, 29, 15, 23, 6, 4, 1, 10, 6,4,1,4,6,6,10
20221227,1,1,4,1,4,1,2,22,26,29,32,33,144, 35, 31, 54, 10, 55, 20, 4, 3, 3, 1,4,1,3,3,4,20
20221225,1,4,1,2,2,2,2,15,16,17,21,31,102, 33, 29, 36, 6, 33, 13, 1, 1, 4, 10,3,1,1,4,10,13
20221222,3,2,1,2,2,2,2,3,7,13,20,30,75, 32, 28, 23, 17, 20, 1, 4, 6, 7, 10,3,1,4,6,7,10
20221220,2,2,2,3,1,2,6,7,13,18,26,31,101, 37, 25, 33, 19, 31, 1, 6, 5, 8, 5,2,1,5,5,6,8
20221218,1,1,4,2,0,4,3,21,25,30,31,33,143, 36, 30, 52, 10, 55, 18, 4, 5, 1, 2,4,1,2,4,5,18
20221215,1,2,3,3,3,0,7,20,22,23,31,32,135, 39, 25, 51, 11, 45, 13, 2, 1, 8, 1,4,1,1,2,8,13
20221213,2,1,3,2,2,2,7,8,13,29,30,33,120, 40, 26, 38, 22, 42, 1, 5, 16, 1, 3,2,1,1,3,5,16
20221211,2,3,1,3,0,3,1,3,13,16,21,27,81, 28, 26, 24, 18, 29, 2, 10, 3, 5, 6,4,2,3,5,6,10
20221208,1,4,1,1,3,2,5,12,13,17,20,27,94, 32, 22, 32, 8, 30, 7, 1, 4, 3, 7,2,1,3,4,7,7
20221206,2,3,1,1,2,3,8,9,18,19,20,27,101, 35, 19, 29, 11, 37, 1, 9, 1, 1, 7,0,1,1,1,7,9
20221204,3,3,0,3,1,2,6,7,9,16,17,19,74, 25, 13, 24, 10, 25, 1, 2, 7, 1, 2,0,1,1,2,2,7
20221201,1,3,2,3,2,1,2,14,19,21,25,28,109, 30, 26, 39, 11, 40, 12, 5, 2, 4, 3,2,2,3,4,5,12
20221129,1,1,4,1,2,3,8,21,23,27,28,33,140, 41, 25, 49, 7, 50, 13, 2, 4, 1, 5,3,1,2,4,5,13
20221127,2,4,0,2,2,2,8,10,14,15,18,22,87, 30, 14, 28, 8, 29, 2, 4, 1, 3, 4,1,1,2,3,4,4
20221124,2,1,3,2,2,2,9,11,13,24,28,32,117, 41, 23, 39, 17, 37, 2, 2, 11, 4, 4,3,2,2,4,4,11
20221122,2,2,2,2,3,1,1,5,14,17,24,31,92, 32, 30, 29, 19, 31, 4, 9, 3, 7, 7,2,3,4,7,7,9
20221120,2,3,1,2,3,1,5,8,16,17,21,25,92, 30, 20, 29, 13, 33, 3, 8, 1, 4, 4,1,1,3,4,4,8
20221117,2,1,3,1,2,3,1,3,18,26,32,33,113, 34, 32, 35, 29, 44, 2, 15, 8, 6, 1,4,1,2,6,8,15
20221115,3,2,1,3,2,1,3,5,10,13,19,29,79, 32, 26, 24, 14, 23, 2, 5, 3, 6, 10,2,2,3,5,6,10
20221113,2,2,2,1,4,1,2,8,15,17,26,28,96, 30, 26, 34, 18, 32, 6, 7, 2, 9, 2,1,2,2,6,7,9
20221110,1,3,2,2,1,3,10,12,14,22,24,27,109, 37, 17, 36, 12, 36, 2, 2, 8, 2, 3,2,2,2,2,3,8
20221108,1,2,3,0,1,5,3,12,18,24,27,29,113, 32, 26, 39, 15, 42, 9, 6, 6, 3, 2,2,2,3,6,6,9
20221106,4,0,2,2,1,3,3,4,9,10,29,33,88, 36, 30, 33, 25, 19, 1, 5, 1, 19, 4,2,1,1,4,5,19
20221103,1,3,2,2,2,2,1,13,15,17,26,33,105, 34, 32, 39, 13, 32, 12, 2, 2, 9, 7,3,2,2,7,9,12
20221101,3,2,1,2,2,2,2,3,7,12,20,31,75, 33, 29, 23, 17, 19, 1, 4, 5, 8, 11,4,1,4,5,8,11
20221030,2,2,2,2,2,2,5,10,13,18,24,26,96, 31, 21, 34, 14, 31, 5, 3, 5, 6, 2,1,2,3,5,5,6
20221027,1,4,1,4,1,1,10,13,16,20,21,25,105, 35, 15, 34, 8, 36, 3, 3, 4, 1, 4,2,1,3,3,4,4
20221025,2,2,2,2,2,2,6,8,17,19,24,28,102, 34, 22, 32, 16, 36, 2, 9, 2, 5, 4,0,2,2,4,5,9
20221023,0,3,3,2,1,3,12,17,22,27,30,31,139, 43, 19, 47, 13, 49, 5, 5, 5, 3, 1,3,1,3,5,5,5
20221020,1,2,3,1,3,2,2,15,19,26,27,29,118, 31, 27, 42, 12, 45, 13, 4, 7, 1, 2,1,1,2,4,7,13
20221018,2,2,2,0,3,3,2,5,15,18,26,27,93, 29, 25, 31, 21, 33, 3, 10, 3, 8, 1,1,1,3,3,8,10
20221016,4,1,1,1,3,2,2,6,7,11,14,33,73, 35, 31, 20, 8, 18, 4, 1, 4, 3, 19,3,1,3,4,4,19
20221013,1,3,2,3,2,1,4,13,17,18,28,29,109, 33, 25, 41, 15, 35, 9, 4, 1, 10, 1,1,1,1,4,9,10
20221011,1,1,4,0,3,3,8,14,26,27,30,33,138, 41, 25, 44, 16, 53, 6, 12, 1, 3, 3,1,1,3,3,6,12
20221009,2,2,2,1,2,3,6,7,18,20,27,29,107, 35, 23, 34, 20, 38, 1, 11, 2, 7, 2,0,1,2,2,7,11
20221006,2,2,2,2,3,1,1,5,15,19,26,29,95, 30, 28, 31, 21, 34, 4, 10, 4, 7, 3,1,3,4,4,7,10
20220929,0,3,3,1,3,2,13,14,20,24,27,29,127, 42, 16, 41, 13, 44, 1, 6, 4, 3, 2,1,1,2,3,4,6
20220927,3,1,2,2,3,1,3,5,8,17,25,31,89, 34, 28, 30, 20, 25, 2, 3, 9, 8, 6,2,2,3,6,8,9
20220925,3,1,2,4,2,0,2,10,11,13,28,31,95, 33, 29, 38, 18, 24, 8, 1, 2, 15, 3,4,1,2,3,8,15
20220922,1,4,1,2,1,3,9,13,15,18,20,28,103, 37, 19, 33, 7, 33, 4, 2, 3, 2, 8,1,2,2,3,4,8
20220920,2,3,1,4,1,1,4,11,13,19,22,33,102, 37, 29, 33, 11, 32, 7, 2, 6, 3, 11,4,2,3,6,7,11
20220918,2,3,1,4,1,1,1,7,13,17,18,31,87, 32, 30, 25, 11, 30, 6, 6, 4, 1, 13,3,1,4,6,6,13
20220915,3,2,1,2,1,3,3,9,11,15,19,28,85, 31, 25, 28, 10, 26, 6, 2, 4, 4, 9,2,2,4,4,6,9
20220913,0,3,3,2,3,1,17,20,22,23,24,31,137, 48, 14, 44, 4, 45, 3, 2, 1, 1, 7,3,1,1,2,3,7
20220911,1,4,1,1,1,4,6,12,13,15,21,23,90, 29, 17, 33, 9, 28, 6, 1, 2, 6, 2,4,1,2,2,6,6
20220908,2,1,3,4,2,0,1,8,19,25,26,31,110, 32, 30, 34, 18, 44, 7, 11, 6, 1, 5,2,1,5,6,7,11
20220906,2,3,1,1,2,3,6,9,12,14,20,28,89, 34, 22, 29, 11, 26, 3, 3, 2, 6, 8,1,2,3,3,6,8
20220904,2,2,2,1,2,3,9,10,12,18,29,32,110, 41, 23, 39, 19, 30, 1, 2, 6, 11, 3,2,1,2,3,6,11
20220901,1,3,2,4,0,2,4,16,18,19,27,28,112, 32, 24, 43, 11, 37, 12, 2, 1, 8, 1,0,1,1,2,8,12
20220830,3,3,0,1,2,3,2,6,7,15,20,21,71, 23, 19, 26, 14, 22, 4, 1, 8, 5, 1,2,1,1,4,5,8
20220828,2,0,4,1,4,1,1,11,23,24,26,32,117, 33, 31, 37, 15, 47, 10, 12, 1, 2, 6,4,1,2,6,10,12
20220825,4,1,1,1,1,4,2,3,4,6,21,33,69, 35, 31, 24, 18, 10, 1, 1, 2, 15, 12,4,1,1,2,12,15
20220823,3,1,2,4,1,1,4,5,10,13,30,31,93, 35, 27, 35, 25, 23, 1, 5, 3, 17, 1,2,1,1,3,5,17
20220821,1,3,2,3,1,2,3,16,17,19,25,33,113, 36, 30, 41, 9, 36, 13, 1, 2, 6, 8,2,1,2,6,8,13
20220818,1,4,1,3,2,1,4,13,14,18,20,28,97, 32, 24, 33, 7, 32, 9, 1, 4, 2, 8,1,1,2,4,8,9
20220816,2,3,1,4,1,1,6,11,13,16,19,31,96, 37, 25, 30, 8, 29, 5, 2, 3, 3, 12,3,2,3,3,5,12
20220814,0,2,4,2,2,2,21,22,24,28,29,32,156, 53, 11, 51, 7, 52, 1, 2, 4, 1, 3,3,1,1,2,3,4
20220811,2,3,1,3,1,2,7,10,16,20,21,27,101, 34, 20, 31, 11, 36, 3, 6, 4, 1, 6,1,1,3,4,6,6
20220809,1,3,2,2,2,2,8,18,20,22,24,28,120, 36, 20, 42, 6, 42, 10, 2, 2, 2, 4,1,2,2,2,4,10
20220807,2,0,4,3,1,2,1,4,25,27,29,30,116, 31, 29, 33, 25, 52, 3, 21, 2, 2, 1,1,1,2,2,3,21
20220804,2,1,3,2,2,2,2,7,15,29,31,33,117, 35, 31, 38, 24, 44, 5, 8, 14, 2, 2,3,2,2,5,8,14
20220802,2,4,0,1,2,3,3,9,15,17,20,22,86, 25, 19, 29, 11, 32, 6, 6, 2, 3, 2,2,2,2,3,6,6
20220731,3,1,2,2,2,2,5,6,9,13,23,25,81, 30, 20, 29, 17, 22, 1, 3, 4, 10, 2,2,1,2,3,4,10
20220728,3,1,2,2,2,2,1,4,8,21,23,24,81, 25, 23, 27, 19, 29, 3, 4, 13, 2, 1,3,1,2,3,4,13
20220726,2,1,3,2,2,2,7,9,14,31,32,33,126, 40, 26, 41, 23, 45, 2, 5, 17, 1, 1,3,1,1,2,5,17
20220724,1,1,4,1,2,3,3,18,23,24,25,32,125, 35, 29, 43, 7, 47, 15, 5, 1, 1, 7,3,1,1,5,7,15
20220721,1,5,0,2,3,1,8,12,13,14,19,20,86, 28, 12, 31, 7, 27, 4, 1, 1, 5, 1,2,1,1,1,4,5
20220719,3,0,3,2,3,1,4,10,11,23,30,32,110, 36, 28, 40, 20, 34, 6, 1, 12, 7, 2,3,1,2,6,7,12
20220717,3,1,2,1,2,3,4,8,11,21,27,30,101, 34, 26, 35, 19, 32, 4, 3, 10, 6, 3,2,3,3,4,6,10
20220714,1,4,1,0,2,4,5,12,15,17,18,27,94, 32, 22, 30, 6, 32, 7, 3, 2, 1, 9,1,1,2,3,7,9
20220712,2,3,1,2,2,2,1,9,15,17,22,23,87, 24, 22, 31, 13, 32, 8, 6, 2, 5, 1,3,1,2,5,6,8
20220710,3,2,1,3,2,1,1,4,5,15,17,31,73, 32, 30, 21, 13, 20, 3, 1, 10, 2, 14,2,1,2,3,10,14
20220707,1,4,1,1,2,3,3,17,18,19,20,27,104, 30, 24, 37, 3, 37, 14, 1, 1, 1, 7,1,1,1,1,7,14
20220705,3,1,2,2,2,2,8,9,10,13,24,29,93, 37, 21, 33, 15, 23, 1, 1, 3, 11, 5,1,1,1,3,5,11
20220703,3,0,3,3,2,1,1,2,4,25,26,30,88, 31, 29, 28, 24, 29, 1, 2, 21, 1, 4,2,1,1,2,4,21
20220630,2,2,2,2,2,2,5,7,15,19,29,33,108, 38, 28, 36, 22, 34, 2, 8, 4, 10, 4,1,2,4,4,8,10
20220628,2,2,2,1,3,2,6,10,14,15,26,29,100, 35, 23, 36, 16, 29, 4, 4, 1, 11, 3,0,1,3,4,4,11
20220626,1,4,1,1,3,2,5,14,15,16,18,32,100, 37, 27, 32, 4, 31, 9, 1, 1, 2, 14,1,1,1,2,9,14
20220623,2,2,2,2,1,3,4,7,15,18,29,33,106, 37, 29, 36, 22, 33, 3, 8, 3, 11, 4,1,3,3,4,8,11
20220621,3,0,3,2,0,4,4,6,9,27,28,33,107, 37, 29, 34, 22, 36, 2, 3, 18, 1, 5,1,1,2,3,5,18
20220619,2,2,2,3,2,1,6,7,13,19,26,29,100, 35, 23, 33, 19, 32, 1, 6, 6, 7, 3,1,1,3,6,6,7
20220616,1,2,3,1,2,3,7,12,15,24,26,29,113, 36, 22, 38, 14, 39, 5, 3, 9, 2, 3,1,2,3,3,5,9
20220614,2,2,2,2,3,1,1,5,13,21,26,29,95, 30, 28, 31, 21, 34, 4, 8, 8, 5, 3,3,3,4,5,8,8
20220612,2,2,2,0,3,3,6,11,14,20,27,30,108, 36, 24, 38, 16, 34, 5, 3, 6, 7, 3,1,3,3,5,6,7
20220609,1,2,3,2,2,2,9,14,18,23,28,31,123, 40, 22, 42, 14, 41, 5, 4, 5, 5, 3,2,3,4,5,5,5
20220607,2,3,1,3,1,2,4,6,12,13,17,31,83, 35, 27, 23, 11, 25, 2, 6, 1, 4, 14,3,1,2,4,6,14
20220605,3,2,1,2,2,2,6,8,9,17,22,31,93, 37, 25, 30, 14, 26, 2, 1, 8, 5, 9,2,1,2,5,8,9
20220602,0,4,2,1,2,3,16,18,20,21,23,33,131, 49, 17, 41, 5, 41, 2, 2, 1, 2, 10,3,1,2,2,2,10
20220531,2,2,2,2,1,3,1,3,16,18,29,33,100, 34, 32, 32, 26, 34, 2, 13, 2, 11, 4,3,2,2,4,11,13
20220529,0,3,3,3,1,2,16,18,19,24,28,32,137, 48, 16, 46, 10, 43, 2, 1, 5, 4, 4,1,1,2,4,4,5
20220526,2,2,2,1,1,4,6,9,18,19,29,33,114, 39, 27, 38, 20, 37, 3, 9, 1, 10, 4,1,1,3,4,9,10
20220524,1,2,3,2,2,2,6,13,14,23,31,33,120, 39, 27, 44, 18, 37, 7, 1, 9, 8, 2,4,1,2,7,8,9
20220522,0,3,3,0,2,4,12,15,20,26,30,33,136, 45, 21, 45, 15, 46, 3, 5, 6, 4, 3,2,3,3,4,5,6
20220519,3,2,1,1,4,1,1,6,11,14,17,26,75, 27, 25, 23, 11, 25, 5, 5, 3, 3, 9,2,3,3,5,5,9
20220517,3,0,3,2,2,2,2,4,9,26,28,33,102, 35, 31, 32, 24, 35, 2, 5, 17, 2, 5,2,2,2,5,5,17
20220515,1,2,3,1,1,4,8,12,21,27,28,33,129, 41, 25, 40, 16, 48, 4, 9, 6, 1, 5,3,1,4,5,6,9
20220512,1,2,3,1,2,3,10,14,18,23,27,33,125, 43, 23, 41, 13, 41, 4, 4, 5, 4, 6,2,4,4,4,5,6
20220510,1,0,5,2,2,2,7,24,27,29,31,32,150, 39, 25, 55, 7, 56, 17, 3, 2, 2, 1,2,1,2,2,3,17
20220508,3,2,1,0,4,2,2,5,11,17,21,33,89, 35, 31, 26, 16, 28, 3, 6, 6, 4, 12,4,3,4,6,6,12
20220505,3,1,2,0,3,3,3,5,8,14,27,33,90, 36, 30, 32, 22, 22, 2, 3, 6, 13, 6,2,2,3,6,6,13
20220503,3,1,2,3,2,1,2,4,7,18,25,26,82, 28, 24, 29, 21, 25, 2, 3, 11, 7, 1,1,1,2,3,7,11
20220501,2,2,2,2,4,0,5,7,17,20,26,31,106, 36, 26, 33, 19, 37, 2, 10, 3, 6, 5,1,2,3,5,6,10
20220428,3,1,2,1,2,3,3,7,8,14,27,30,89, 33, 27, 34, 20, 22, 4, 1, 6, 13, 3,1,1,3,4,6,13
20220426,2,0,4,1,2,3,2,11,24,25,27,30,119, 32, 28, 38, 16, 49, 9, 13, 1, 2, 3,2,1,2,3,9,13
20220424,1,4,1,2,1,3,3,12,17,18,19,28,97, 31, 25, 31, 7, 35, 9, 5, 1, 1, 9,2,1,1,5,9,9
20220421,3,1,2,2,3,1,1,7,8,21,23,29,89, 30, 28, 30, 16, 29, 6, 1, 13, 2, 6,3,1,2,6,6,13
20220419,1,2,3,1,4,1,2,17,20,23,25,27,114, 29, 25, 42, 8, 43, 15, 3, 3, 2, 2,2,2,2,3,3,15
20220417,3,2,1,2,2,2,5,10,11,21,22,30,99, 35, 25, 32, 12, 32, 5, 1, 10, 1, 8,3,1,1,5,8,10
20220414,2,2,2,2,2,2,5,7,21,22,24,29,108, 34, 24, 31, 17, 43, 2, 14, 1, 2, 5,2,1,2,2,5,14
20220412,1,3,2,2,1,3,3,12,14,16,31,33,109, 36, 30, 43, 19, 30, 9, 2, 2, 15, 2,4,2,2,2,9,15
20220410,4,2,0,2,2,2,2,6,7,10,15,20,60, 22, 18, 21, 9, 17, 4, 1, 3, 5, 5,1,1,3,4,5,5
20220407,1,3,2,2,1,3,9,12,13,16,24,32,106, 41, 23, 36, 12, 29, 3, 1, 3, 8, 8,3,1,3,3,8,8
20220405,2,3,1,4,2,0,1,10,13,20,22,32,98, 33, 31, 32, 12, 33, 9, 3, 7, 2, 10,4,2,3,7,9,10
20220403,2,2,2,2,3,1,2,3,14,16,26,31,92, 33, 29, 29, 23, 30, 1, 11, 2, 10, 5,3,1,2,5,10,11
20220331,1,3,2,3,2,1,8,12,13,19,23,25,100, 33, 17, 35, 11, 32, 4, 1, 6, 4, 2,3,1,2,4,4,6
20220329,0,2,4,1,4,1,14,17,26,31,32,33,153, 47, 19, 49, 15, 57, 3, 9, 5, 1, 1,3,1,1,3,5,9
20220327,1,3,2,3,2,1,5,12,19,22,25,26,109, 31, 21, 37, 13, 41, 7, 7, 3, 3, 1,2,1,3,3,7,7
20220324,3,1,2,2,4,0,4,10,11,14,23,32,94, 36, 28, 33, 13, 25, 6, 1, 3, 9, 9,3,1,3,6,9,9
20220322,3,1,2,3,3,0,1,10,11,22,26,32,102, 33, 31, 36, 16, 33, 9, 1, 11, 4, 6,4,1,4,6,9,11
20220320,0,1,5,0,2,4,12,23,24,26,27,30,142, 42, 18, 50, 4, 50, 11, 1, 2, 1, 3,2,1,1,2,3,11
20220317,3,1,2,2,3,1,3,8,10,13,26,32,92, 35, 29, 34, 18, 23, 5, 2, 3, 13, 6,3,2,3,5,6,13
20220315,2,2,2,1,5,0,5,11,20,22,23,29,110, 34, 24, 34, 12, 42, 6, 9, 2, 1, 6,3,1,2,6,6,9
20220313,0,4,2,1,3,2,14,15,18,19,26,32,124, 46, 18, 41, 11, 37, 1, 3, 1, 7, 6,1,1,1,3,6,7
20220310,3,2,1,3,0,3,3,4,10,15,22,24,78, 27, 21, 26, 18, 25, 1, 6, 5, 7, 2,2,1,2,5,6,7
20220308,1,1,4,3,1,2,6,19,24,25,28,32,134, 38, 26, 47, 9, 49, 13, 5, 1, 3, 4,1,1,3,4,5,13
20220306,3,2,1,3,1,2,7,9,10,14,19,24,83, 31, 17, 28, 10, 24, 2, 1, 4, 5, 5,0,1,2,4,5,5
20220303,1,3,2,3,1,2,7,12,17,19,24,25,104, 32, 18, 36, 12, 36, 5, 5, 2, 5, 1,1,1,2,5,5,5
20220301,3,3,0,3,2,1,1,7,11,15,17,19,70, 20, 18, 24, 10, 26, 6, 4, 4, 2, 2,2,2,2,4,4,6
20220227,2,1,3,3,1,2,3,7,22,24,26,31,113, 34, 28, 33, 19, 46, 4, 15, 2, 2, 5,3,2,2,4,5,15
20220224,2,2,2,1,3,2,9,11,14,22,30,32,118, 41, 23, 41, 19, 36, 2, 3, 8, 8, 2,3,2,2,3,8,8
20220222,2,3,1,1,3,2,5,6,14,20,21,25,91, 30, 20, 27, 15, 34, 1, 8, 6, 1, 4,1,1,1,4,6,8
20220220,2,2,2,2,3,1,7,11,16,17,30,32,113, 39, 25, 41, 19, 33, 4, 5, 1, 13, 2,2,1,2,4,5,13
20220217,2,0,4,0,2,4,6,9,24,29,30,32,130, 38, 26, 39, 21, 53, 3, 15, 5, 1, 2,1,1,2,3,5,15
20220215,2,2,2,3,3,0,5,10,19,20,29,31,114, 36, 26, 39, 19, 39, 5, 9, 1, 9, 2,1,1,2,5,9,9
20220213,1,2,3,3,1,2,6,14,16,27,28,31,122, 37, 25, 42, 14, 43, 8, 2, 11, 1, 3,1,1,2,3,8,11
20220210,2,3,1,2,1,3,6,7,13,14,15,27,82, 33, 21, 22, 8, 27, 1, 6, 1, 1, 12,1,1,1,1,6,12
20220208,5,1,0,3,1,2,2,3,4,7,10,18,44, 20, 16, 13, 7, 11, 1, 1, 3, 3, 8,2,1,1,3,3,8
20220127,3,0,3,3,2,1,4,7,8,29,30,31,109, 35, 27, 37, 23, 37, 3, 1, 21, 1, 1,1,1,1,1,3,21
20220125,1,1,4,1,1,4,6,15,23,24,25,33,126, 39, 27, 40, 10, 47, 9, 8, 1, 1, 8,2,1,1,8,8,9
20220123,0,5,1,1,2,3,12,18,19,20,21,32,122, 44, 20, 39, 3, 39, 6, 1, 1, 1, 11,3,1,1,1,6,11
20220120,1,3,2,4,1,1,4,15,17,19,25,28,108, 32, 24, 40, 10, 36, 11, 2, 2, 6, 3,0,2,2,3,6,11
20220118,4,2,0,1,2,3,2,3,7,9,20,21,62, 23, 19, 23, 17, 16, 1, 4, 2, 11, 1,3,1,1,2,4,11
20220116,1,2,3,4,2,0,1,20,22,23,25,28,119, 29, 27, 45, 5, 45, 19, 2, 1, 2, 3,3,1,2,2,3,19
20220113,3,2,1,2,0,4,3,6,9,15,22,31,86, 34, 28, 28, 16, 24, 3, 3, 6, 7, 9,3,3,3,6,7,9
20220111,2,3,1,5,0,1,7,10,12,16,19,31,95, 38, 24, 29, 9, 28, 3, 2, 4, 3, 12,2,2,3,3,4,12
20220109,1,1,4,2,2,2,5,19,24,28,30,32,138, 37, 27, 49, 11, 52, 14, 5, 4, 2, 2,1,2,2,4,5,14
20220106,2,3,1,1,3,2,2,5,16,17,18,30,88, 32, 28, 23, 13, 33, 3, 11, 1, 1, 12,1,1,1,3,11,12
20220104,1,2,3,2,2,2,2,12,21,23,25,31,114, 33, 29, 37, 13, 44, 10, 9, 2, 2, 6,5,2,2,6,9,10
20220102,1,5,0,1,2,3,6,13,15,17,20,21,92, 27, 15, 33, 7, 32, 7, 2, 2, 3, 1,2,1,2,2,3,7
20211230,1,3,2,0,3,3,9,14,20,21,24,26,114, 35, 17, 38, 10, 41, 5, 6, 1, 3, 2,1,1,2,3,5,6
20211228,2,3,1,2,2,2,5,10,15,18,19,32,99, 37, 27, 29, 9, 33, 5, 5, 3, 1, 13,1,1,3,5,5,13
20211226,1,5,0,2,2,2,10,12,15,17,19,20,93, 30, 10, 31, 7, 32, 2, 3, 2, 2, 1,1,1,2,2,2,3
20211223,3,1,2,3,2,1,5,10,11,13,27,28,94, 33, 23, 37, 17, 24, 5, 1, 2, 14, 1,2,1,1,2,5,14
20211221,2,2,2,2,2,2,7,9,21,22,26,32,117, 39, 25, 35, 17, 43, 2, 12, 1, 4, 6,3,1,2,4,6,12
20211219,3,2,1,4,2,0,4,7,10,14,16,26,77, 30, 22, 23, 9, 24, 3, 3, 4, 2, 10,0,2,3,3,4,10
20211216,2,2,2,1,4,1,2,5,13,15,23,26,84, 28, 24, 28, 18, 28, 3, 8, 2, 8, 3,3,2,3,3,8,8
20211214,3,2,1,2,3,1,1,9,11,13,20,29,83, 30, 28, 29, 11, 24, 8, 2, 2, 7, 9,3,2,2,7,8,9
20211212,2,3,1,3,2,1,4,7,17,19,20,24,91, 28, 20, 27, 13, 36, 3, 10, 2, 1, 4,0,1,2,3,4,10
20211209,1,2,3,2,3,1,1,14,19,23,26,30,113, 31, 29, 40, 12, 42, 13, 5, 4, 3, 4,2,3,4,4,5,13
20211207,2,1,3,2,2,2,5,10,16,26,27,33,117, 38, 28, 37, 17, 42, 5, 6, 10, 1, 6,1,1,5,6,6,10
20211205,0,3,3,1,2,3,12,14,19,23,24,27,119, 39, 15, 38, 10, 42, 2, 5, 4, 1, 3,2,1,2,3,4,5
20211202,1,3,2,1,3,2,11,14,15,16,27,32,115, 43, 21, 41, 13, 31, 3, 1, 1, 11, 5,2,1,1,3,5,11
20211130,3,2,1,2,1,3,3,7,10,14,21,24,79, 27, 21, 28, 14, 24, 4, 3, 4, 7, 3,2,3,3,4,4,7
20211128,3,2,1,2,1,3,2,6,9,15,19,28,79, 30, 26, 25, 13, 24, 4, 3, 6, 4, 9,1,3,4,4,6,9
20211125,2,3,1,3,1,2,3,10,17,19,21,31,101, 34, 28, 31, 11, 36, 7, 7, 2, 2, 10,3,2,2,7,7,10
20211123,2,2,2,5,1,0,1,2,16,19,25,31,94, 32, 30, 27, 23, 35, 1, 14, 3, 6, 6,3,1,3,6,6,14
20211121,2,2,2,3,0,3,1,3,12,19,27,31,93, 32, 30, 30, 24, 31, 2, 9, 7, 8, 4,4,2,4,7,8,9
20211118,3,2,1,3,2,1,1,4,6,14,20,28,73, 29, 27, 24, 16, 20, 3, 2, 8, 6, 8,1,2,3,6,8,8
20211116,2,3,1,1,3,2,8,11,18,19,20,24,100, 32, 16, 31, 9, 37, 3, 7, 1, 1, 4,1,1,1,3,4,7
20211114,2,1,3,0,2,4,8,9,15,24,26,30,112, 38, 22, 35, 17, 39, 1, 6, 9, 2, 4,0,1,2,4,6,9
20211111,1,2,3,2,1,3,4,15,21,27,28,29,124, 33, 25, 43, 13, 48, 11, 6, 6, 1, 1,1,1,1,6,6,11
20211109,1,3,2,0,4,2,5,17,20,21,23,33,119, 38, 28, 40, 6, 41, 12, 3, 1, 2, 10,3,1,2,3,10,12
20211107,1,3,2,2,2,2,7,15,16,20,27,29,114, 36, 22, 42, 12, 36, 8, 1, 4, 7, 2,0,1,2,4,7,8
20211104,0,2,4,3,2,1,19,20,23,27,28,31,148, 50, 12, 48, 8, 50, 1, 3, 4, 1, 3,2,1,1,3,3,4
20211102,0,3,3,2,3,1,14,19,20,23,24,31,131, 45, 17, 43, 5, 43, 5, 1, 3, 1, 7,2,1,1,3,5,7
20211031,2,2,2,2,2,2,1,3,18,22,29,32,105, 33, 31, 32, 26, 40, 2, 15, 4, 7, 3,4,2,3,4,7,15
20211028,1,3,2,2,2,2,6,14,15,19,29,31,114, 37, 25, 43, 15, 34, 8, 1, 4, 10, 2,1,1,2,4,8,10
20211026,2,3,1,2,1,3,4,5,12,15,18,28,82, 32, 24, 23, 13, 27, 1, 7, 3, 3, 10,1,1,3,3,7,10
20211024,2,3,1,3,1,2,4,5,12,16,22,30,89, 34, 26, 27, 17, 28, 1, 7, 4, 6, 8,2,1,4,6,7,8
20211021,3,3,0,3,1,2,1,7,8,12,13,18,59, 19, 17, 20, 6, 20, 6, 1, 4, 1, 5,3,1,1,4,5,6
20211019,4,0,2,2,2,2,3,9,10,11,28,29,90, 32, 26, 37, 19, 21, 6, 1, 1, 17, 1,2,1,1,1,6,17
20211017,2,3,1,1,3,2,2,6,14,18,20,31,91, 33, 29, 26, 14, 32, 4, 8, 4, 2, 11,2,2,4,4,8,11
20211014,2,2,2,0,2,4,3,5,17,21,27,33,106, 36, 30, 32, 22, 38, 2, 12, 4, 6, 6,3,2,4,6,6,12
20211012,1,3,2,1,2,3,6,14,17,18,31,33,119, 39, 27, 45, 17, 35, 8, 3, 1, 13, 2,2,1,2,3,8,13
20211010,2,2,2,1,1,4,2,10,12,15,24,27,90, 29, 25, 34, 14, 27, 8, 2, 3, 9, 3,2,2,3,3,8,9
20211007,3,1,2,1,2,3,4,6,8,14,24,27,83, 31, 23, 30, 18, 22, 2, 2, 6, 10, 3,0,2,2,3,6,10
20211005,3,1,2,4,0,2,4,7,10,22,27,30,100, 34, 26, 34, 20, 32, 3, 3, 12, 5, 3,1,3,3,3,5,12
20210930,2,1,3,2,1,3,5,6,21,25,28,33,118, 38, 28, 34, 22, 46, 1, 15, 4, 3, 5,2,1,3,4,5,15
20210928,0,3,3,2,4,0,17,20,22,23,26,28,136, 45, 11, 46, 6, 45, 3, 2, 1, 3, 2,2,1,2,2,3,3
20210926,1,2,3,3,1,2,10,13,15,24,31,32,125, 42, 22, 44, 18, 39, 3, 2, 9, 7, 1,3,1,2,3,7,9
20210923,3,2,1,1,4,1,2,3,10,17,20,26,78, 28, 24, 23, 17, 27, 1, 7, 7, 3, 6,2,1,3,6,7,7
20210921,1,2,3,0,3,3,11,15,18,24,26,32,126, 43, 21, 41, 11, 42, 4, 3, 6, 2, 6,2,2,3,4,6,6
20210919,2,2,2,2,2,2,2,3,17,19,25,30,96, 32, 28, 28, 22, 36, 1, 14, 2, 6, 5,2,1,2,5,6,14
20210916,3,1,2,4,1,1,1,4,7,14,30,31,87, 32, 30, 34, 26, 21, 3, 3, 7, 16, 1,2,1,3,3,7,16
20210914,1,3,2,2,2,2,10,14,15,22,27,32,120, 42, 22, 41, 13, 37, 4, 1, 7, 5, 5,2,1,4,5,5,7
20210912,2,3,1,4,2,0,1,7,17,20,22,28,95, 29, 27, 29, 15, 37, 6, 10, 3, 2, 6,2,2,3,6,6,10
20210909,1,2,3,3,1,2,10,13,15,25,29,30,122, 40, 20, 42, 16, 40, 3, 2, 10, 4, 1,1,1,2,3,4,10
20210907,2,1,3,0,1,5,5,9,15,24,27,30,110, 35, 25, 36, 18, 39, 4, 6, 9, 3, 3,0,3,3,4,6,9
20210905,2,2,2,3,2,1,2,4,12,22,29,31,100, 33, 29, 33, 25, 34, 2, 8, 10, 7, 2,4,2,2,7,8,10
20210902,2,3,1,2,2,2,7,9,12,13,14,29,84, 36, 22, 23, 5, 25, 2, 3, 1, 1, 15,2,1,1,2,3,15
20210831,2,3,1,0,3,3,9,11,17,18,20,27,102, 36, 18, 31, 9, 35, 2, 6, 1, 2, 7,1,1,2,2,6,7
20210829,2,2,2,3,2,1,1,10,13,18,26,32,100, 33, 31, 36, 16, 31, 9, 3, 5, 8, 6,3,3,5,6,8,9
20210826,2,2,2,3,1,2,3,11,12,13,25,28,92, 31, 25, 36, 14, 25, 8, 1, 1, 12, 3,4,1,1,3,8,12
20210824,3,2,1,2,3,1,1,7,11,14,15,26,74, 27, 25, 22, 8, 25, 6, 4, 3, 1, 11,2,1,3,4,6,11
20210822,1,2,3,1,2,3,8,12,17,24,27,28,116, 36, 20, 39, 15, 41, 4, 5, 7, 3, 1,1,1,3,4,5,7
20210819,2,0,4,2,1,3,9,11,24,25,28,33,130, 42, 24, 39, 17, 49, 2, 13, 1, 3, 5,2,1,2,3,5,13
20210817,2,1,3,1,3,2,5,11,15,23,28,33,115, 38, 28, 39, 17, 38, 6, 4, 8, 5, 5,3,4,5,5,6,8
20210815,4,1,1,3,2,1,2,7,8,10,12,31,70, 33, 29, 19, 5, 18, 5, 1, 2, 2, 19,3,1,2,2,5,19
20210812,2,1,3,2,1,3,4,6,16,24,26,33,109, 37, 29, 32, 20, 40, 2, 10, 8, 2, 7,1,2,2,7,8,10
20210810,2,2,2,1,2,3,5,6,12,14,27,28,92, 33, 23, 33, 21, 26, 1, 6, 2, 13, 1,1,1,1,2,6,13
20210808,3,1,2,3,2,1,1,2,7,13,23,24,70, 25, 23, 25, 21, 20, 1, 5, 6, 10, 1,4,1,1,5,6,10
20210805,1,4,1,3,1,2,4,12,15,16,19,26,92, 30, 22, 31, 7, 31, 8, 3, 1, 3, 7,1,1,3,3,7,8
20210803,1,3,2,3,2,1,2,13,16,19,23,24,97, 26, 22, 36, 10, 35, 11, 3, 3, 4, 1,3,1,3,3,4,11
20210801,3,1,2,2,3,1,6,8,10,14,28,29,95, 35, 23, 36, 20, 24, 2, 2, 4, 14, 1,0,1,2,2,4,14
20210729,4,2,0,1,4,1,5,6,7,11,14,20,63, 25, 15, 20, 8, 18, 1, 1, 4, 3, 6,1,1,1,3,4,6
20210727,4,1,1,2,2,2,5,7,9,11,21,28,81, 33, 23, 28, 14, 20, 2, 2, 2, 10, 7,2,2,2,2,7,10
20210725,3,0,3,3,1,2,4,9,11,25,28,33,110, 37, 29, 37, 19, 36, 5, 2, 14, 3, 5,2,2,3,5,5,14
20210722,3,1,2,1,3,2,3,6,11,13,26,32,91, 35, 29, 32, 20, 24, 3, 5, 2, 13, 6,4,2,3,5,6,13
20210720,3,2,1,2,2,2,1,3,5,18,22,23,72, 24, 22, 25, 19, 23, 2, 2, 13, 4, 1,4,1,2,2,4,13
20210718,2,1,3,1,4,1,5,8,22,23,24,29,111, 34, 24, 32, 16, 45, 3, 14, 1, 1, 5,2,1,1,3,5,14
20210715,3,0,3,3,1,2,1,3,10,24,28,29,95, 30, 28, 31, 25, 34, 2, 7, 14, 4, 1,2,1,2,4,7,14
20210713,2,1,3,2,1,3,4,6,15,26,27,31,109, 35, 27, 33, 21, 41, 2, 9, 11, 1, 4,1,1,2,4,9,11
20210711,1,2,3,1,2,3,8,15,17,25,27,30,122, 38, 22, 42, 12, 42, 7, 2, 8, 2, 3,0,2,2,3,7,8
20210708,2,1,3,0,2,4,3,9,21,23,30,32,118, 35, 29, 39, 21, 44, 6, 12, 2, 7, 2,4,2,2,6,7,12
20210706,0,5,1,2,1,3,12,15,16,21,22,29,115, 41, 17, 37, 7, 37, 3, 1, 5, 1, 7,3,1,1,3,5,7
20210704,3,1,2,2,2,2,4,5,9,14,25,27,84, 31, 23, 30, 20, 23, 1, 4, 5, 11, 2,0,1,2,4,5,11
20210701,2,2,2,3,0,3,1,6,18,22,24,25,96, 26, 24, 30, 18, 40, 5, 12, 4, 2, 1,2,1,2,4,5,12
20210629,2,4,0,3,0,3,1,9,15,16,19,21,81, 22, 20, 28, 10, 31, 8, 6, 1, 3, 2,2,1,2,3,6,8
20210627,2,0,4,3,1,2,1,7,24,31,32,33,128, 34, 32, 39, 25, 55, 6, 17, 7, 1, 1,4,1,1,6,7,17
20210624,3,2,1,2,3,1,1,5,11,15,16,29,77, 30, 28, 21, 11, 26, 4, 6, 4, 1, 13,2,1,4,4,6,13
20210622,2,2,2,0,4,2,6,11,18,20,23,26,104, 32, 20, 34, 12, 38, 5, 7, 2, 3, 3,2,2,3,3,5,7
20210620,1,2,3,2,2,2,4,14,18,24,31,32,123, 36, 28, 45, 17, 42, 10, 4, 6, 7, 1,2,1,4,6,7,10
20210617,2,1,3,3,3,0,1,11,19,23,25,29,108, 30, 28, 36, 14, 42, 10, 8, 4, 2, 4,3,2,4,4,8,10
20210615,2,1,3,1,2,3,2,6,19,26,30,33,116, 35, 31, 36, 24, 45, 4, 13, 7, 4, 3,2,3,4,4,7,13
20210613,3,1,2,3,2,1,1,4,8,19,29,33,94, 34, 32, 33, 25, 27, 3, 4, 11, 10, 4,2,3,4,4,10,11
20210610,3,3,0,2,1,3,4,6,8,15,16,18,67, 22, 14, 22, 10, 23, 2, 2, 7, 1, 2,0,1,2,2,2,7
20210608,4,0,2,1,2,3,4,5,6,9,23,24,71, 28, 20, 28, 18, 15, 1, 1, 3, 14, 1,1,1,1,1,3,14
20210606,0,5,1,3,1,2,12,13,15,20,22,25,107, 37, 13, 35, 9, 35, 1, 2, 5, 2, 3,3,1,2,2,3,5
20210603,2,3,1,1,2,3,4,9,12,18,20,23,86, 27, 19, 29, 11, 30, 5, 3, 6, 2, 3,2,2,3,3,5,6
20210601,2,2,2,1,4,1,10,11,17,20,29,30,117, 40, 20, 40, 18, 37, 1, 6, 3, 9, 1,1,1,1,3,6,9
20210530,3,1,2,1,2,3,1,9,11,18,32,33,104, 34, 32, 41, 23, 29, 8, 2, 7, 14, 1,4,1,2,7,8,14
20210527,2,3,1,3,1,2,9,11,13,18,19,28,98, 37, 19, 30, 8, 31, 2, 2, 5, 1, 9,2,1,2,2,5,9
20210525,3,1,2,1,2,3,5,6,9,17,25,33,95, 38, 28, 31, 19, 26, 1, 3, 8, 8, 8,1,1,3,8,8,8
20210523,1,2,3,1,4,1,8,21,22,23,29,32,135, 40, 24, 50, 8, 45, 13, 1, 1, 6, 3,4,1,1,3,6,13
20210520,2,3,1,3,1,2,3,11,12,16,22,28,92, 31, 25, 33, 11, 28, 8, 1, 4, 6, 6,4,1,4,6,6,8
20210518,1,3,2,4,0,2,7,13,21,22,24,31,118, 38, 24, 37, 11, 43, 6, 8, 1, 2, 7,4,1,2,6,7,8
20210516,2,2,2,3,1,2,7,10,14,16,24,33,104, 40, 26, 34, 14, 30, 3, 4, 2, 8, 9,1,2,3,4,8,9
20210513,3,2,1,2,0,4,3,4,6,19,21,30,83, 33, 27, 25, 17, 25, 1, 2, 13, 2, 9,2,1,2,2,9,13
20210511,3,1,2,2,2,2,8,9,10,19,27,29,102, 37, 21, 36, 18, 29, 1, 1, 9, 8, 2,0,1,1,2,8,9
20210509,3,1,2,4,1,1,2,9,10,16,25,28,90, 30, 26, 34, 16, 26, 7, 1, 6, 9, 3,1,1,3,6,7,9
20210506,2,2,2,4,2,0,4,11,13,22,25,32,107, 36, 28, 36, 14, 35, 7, 2, 9, 3, 7,4,2,3,7,7,9
20210504,1,3,2,2,3,1,4,15,17,22,29,32,119, 36, 28, 44, 14, 39, 11, 2, 5, 7, 3,2,2,3,5,7,11
20210502,2,2,2,3,1,2,3,7,13,16,24,29,92, 32, 26, 31, 17, 29, 4, 6, 3, 8, 5,2,3,4,5,6,8
20210429,2,2,2,2,1,3,5,9,13,21,28,33,109, 38, 28, 37, 19, 34, 4, 4, 8, 7, 5,3,4,4,5,7,8
20210427,2,3,1,2,3,1,1,4,14,15,17,32,83, 33, 31, 21, 13, 29, 3, 10, 1, 2, 15,2,1,2,3,10,15
20210425,2,2,2,2,4,0,5,7,14,17,26,28,97, 33, 23, 33, 19, 31, 2, 7, 3, 9, 2,0,2,2,3,7,9
20210422,2,2,2,0,3,3,2,3,17,18,23,24,87, 26, 22, 26, 20, 35, 1, 14, 1, 5, 1,3,1,1,1,5,14
20210420,3,1,2,3,1,2,5,9,10,22,25,27,98, 32, 22, 34, 16, 32, 4, 1, 12, 3, 2,1,1,2,3,4,12
20210418,2,1,3,0,4,2,2,9,18,23,26,32,110, 34, 30, 35, 17, 41, 7, 9, 5, 3, 6,3,3,5,6,7,9
20210415,3,0,3,2,2,2,2,6,7,24,28,29,96, 31, 27, 34, 22, 31, 4, 1, 17, 4, 1,1,1,1,4,4,17
20210413,2,1,3,1,3,2,2,8,21,24,29,31,115, 33, 29, 37, 21, 45, 6, 13, 3, 5, 2,3,2,3,5,6,13
20210411,3,2,1,2,1,3,5,7,9,16,18,27,82, 32, 22, 25, 11, 25, 2, 2, 7, 2, 9,0,2,2,2,7,9
20210408,0,3,3,2,2,2,13,17,19,24,26,30,129, 43, 17, 43, 9, 43, 4, 2, 5, 2, 4,1,2,2,4,4,5
20210406,4,1,1,1,3,2,1,2,6,11,21,26,67, 27, 25, 23, 19, 17, 1, 4, 5, 10, 5,4,1,4,5,5,10
20210404,0,4,2,1,3,2,12,14,18,20,26,28,118, 40, 16, 40, 12, 38, 2, 4, 2, 6, 2,1,2,2,2,4,6
20210401,2,2,2,3,1,2,4,10,12,18,23,25,92, 29, 21, 33, 13, 30, 6, 2, 6, 5, 2,2,2,2,5,6,6
20210330,1,3,2,2,2,2,2,12,13,14,31,33,105, 35, 31, 43, 19, 27, 10, 1, 1, 17, 2,5,1,1,2,10,17
20210328,3,2,1,2,2,2,1,5,8,15,16,30,75, 31, 29, 21, 11, 23, 4, 3, 7, 1, 14,1,1,3,4,7,14
20210325,2,1,3,3,1,2,6,11,21,25,28,31,122, 37, 25, 39, 17, 46, 5, 10, 4, 3, 3,3,3,3,4,5,10
20210323,2,1,3,2,2,2,8,9,13,27,29,31,117, 39, 23, 38, 20, 40, 1, 4, 14, 2, 2,2,1,2,2,4,14
20210321,2,3,1,2,2,2,8,10,15,17,22,30,102, 38, 22, 32, 12, 32, 2, 5, 2, 5, 8,1,2,2,5,5,8
20210318,1,1,4,1,3,2,11,16,23,26,27,33,136, 44, 22, 43, 11, 49, 5, 7, 3, 1, 6,3,1,3,5,6,7
20210316,3,2,1,2,3,1,5,7,9,16,20,26,83, 31, 21, 27, 13, 25, 2, 2, 7, 4, 6,0,2,2,4,6,7
20210314,2,3,1,3,2,1,3,5,13,19,20,25,85, 28, 22, 25, 15, 32, 2, 8, 6, 1, 5,2,1,2,5,6,8
20210311,2,3,1,0,3,3,6,8,14,17,18,30,93, 36, 24, 26, 10, 31, 2, 6, 3, 1, 12,0,1,2,3,6,12
20210309,5,1,0,3,1,2,1,4,6,10,11,18,50, 19, 17, 15, 7, 16, 3, 2, 4, 1, 7,2,1,2,3,4,7
20210307,1,2,3,2,2,2,2,21,22,23,27,28,123, 30, 26, 48, 6, 45, 19, 1, 1, 4, 1,4,1,1,1,4,19
20210304,1,2,3,3,2,1,10,15,17,25,31,32,130, 42, 22, 46, 16, 42, 5, 2, 8, 6, 1,2,1,2,5,6,8
20210302,2,1,3,2,2,2,4,8,17,24,28,33,114, 37, 29, 36, 20, 41, 4, 9, 7, 4, 5,1,4,4,5,7,9
20210228,6,0,0,2,1,3,1,3,6,7,9,11,37, 12, 10, 12, 6, 13, 2, 3, 1, 2, 2,3,1,2,2,2,3
20210225,0,3,3,2,2,2,12,16,17,24,28,29,126, 41, 17, 44, 12, 41, 4, 1, 7, 4, 1,1,1,1,4,4,7
20210223,2,1,3,1,5,0,2,8,14,23,25,32,104, 34, 30, 33, 17, 37, 6, 6, 9, 2, 7,3,2,6,6,7,9
20210221,1,2,3,0,2,4,9,15,18,29,32,33,136, 42, 24, 47, 17, 47, 6, 3, 11, 3, 1,2,1,3,3,6,11
20210207,3,3,0,1,1,4,3,8,9,13,15,18,66, 21, 15, 23, 7, 22, 5, 1, 4, 2, 3,2,1,2,3,4,5
20210204,1,2,3,2,3,1,6,14,16,26,28,29,119, 35, 23, 42, 14, 42, 8, 2, 10, 2, 1,0,1,2,2,8,10
20210202,1,2,3,2,1,3,4,15,21,25,29,33,127, 37, 29, 44, 14, 46, 11, 6, 4, 4, 4,2,4,4,4,6,11
20210131,2,2,2,2,0,4,6,9,12,16,27,31,101, 37, 25, 36, 18, 28, 3, 3, 4, 11, 4,2,3,3,4,4,11
20210128,2,3,1,0,3,3,3,6,14,18,20,26,87, 29, 23, 26, 14, 32, 3, 8, 4, 2, 6,1,2,3,4,6,8
20210126,2,1,3,2,2,2,5,10,16,23,27,33,114, 38, 28, 37, 17, 39, 5, 6, 7, 4, 6,2,4,5,6,6,7
20210124,3,1,2,3,2,1,1,4,11,19,32,33,100, 34, 32, 36, 28, 30, 3, 7, 8, 13, 1,4,1,3,7,8,13
20210121,3,0,3,3,2,1,2,4,7,24,25,32,94, 34, 30, 29, 21, 31, 2, 3, 17, 1, 7,2,1,2,3,7,17
20210119,3,2,1,2,2,2,1,5,7,14,18,33,78, 34, 32, 23, 13, 21, 4, 2, 7, 4, 15,2,2,4,4,7,15
20210117,2,2,2,2,2,2,2,4,12,21,25,32,96, 34, 30, 29, 21, 33, 2, 8, 9, 4, 7,4,2,4,7,8,9
20210114,2,1,3,2,2,2,6,8,22,24,25,26,111, 32, 20, 33, 17, 46, 2, 14, 2, 1, 1,1,1,1,2,2,14
20210112,2,1,3,2,2,2,7,9,14,26,30,31,117, 38, 24, 39, 21, 40, 2, 5, 12, 4, 1,1,1,2,4,5,12
20210110,4,2,0,2,3,1,2,3,7,8,17,22,59, 24, 20, 20, 14, 15, 1, 4, 1, 9, 5,3,1,1,4,5,9
20210107,2,3,1,2,1,3,6,9,16,18,22,29,100, 35, 23, 31, 13, 34, 3, 7, 2, 4, 7,1,2,3,4,7,7
20210105,2,1,3,3,2,1,6,10,13,25,26,32,112, 38, 26, 36, 16, 38, 4, 3, 12, 1, 6,2,1,3,4,6,12
20210103,2,3,1,2,2,2,2,3,13,18,20,31,87, 33, 29, 23, 17, 31, 1, 10, 5, 2, 11,4,1,2,5,10,11
20201231,3,2,1,2,3,1,2,9,10,20,22,26,89, 28, 24, 31, 13, 30, 7, 1, 10, 2, 4,2,1,2,4,7,10
20201229,1,2,3,2,2,2,3,19,22,23,27,29,123, 32, 26, 46, 8, 45, 16, 3, 1, 4, 2,3,1,2,3,4,16
20201227,3,2,1,2,3,1,1,4,11,12,14,23,65, 24, 22, 18, 10, 23, 3, 7, 1, 2, 9,4,1,2,3,7,9
20201224,1,2,3,2,2,2,8,19,22,26,27,30,132, 38, 22, 46, 8, 48, 11, 3, 4, 1, 3,1,1,3,3,4,11
20201222,3,2,1,0,5,1,8,9,11,14,17,29,88, 37, 21, 26, 8, 25, 1, 2, 3, 3, 12,1,1,2,3,3,12
20201220,3,1,2,2,2,2,1,2,5,15,28,33,84, 34, 32, 30, 26, 20, 1, 3, 10, 13, 5,3,1,3,5,10,13
20201217,2,2,2,2,3,1,8,10,15,16,23,26,98, 34, 18, 33, 13, 31, 2, 5, 1, 7, 3,1,1,2,3,5,7
20201215,2,2,2,4,1,1,1,4,18,19,26,31,99, 32, 30, 30, 22, 37, 3, 14, 1, 7, 5,2,1,3,5,7,14
20201213,2,2,2,2,2,2,3,7,12,14,23,28,87, 31, 25, 30, 16, 26, 4, 5, 2, 9, 5,3,2,4,5,5,9
20201210,1,2,3,2,2,2,5,12,16,26,30,31,120, 36, 26, 42, 18, 42, 7, 4, 10, 4, 1,2,1,4,4,7,10
20201208,0,4,2,2,2,2,16,18,19,20,29,33,135, 49, 17, 47, 11, 39, 2, 1, 1, 9, 4,1,1,1,2,4,9
20201206,2,2,2,2,2,2,1,3,18,19,26,29,96, 30, 28, 29, 23, 37, 2, 15, 1, 7, 3,2,1,2,3,7,15
20201203,0,3,3,1,2,3,12,15,17,24,26,31,125, 43, 19, 41, 11, 41, 3, 2, 7, 2, 5,2,2,2,3,5,7
20201201,3,1,2,2,2,2,2,4,6,21,25,29,87, 31, 27, 29, 21, 27, 2, 2, 15, 4, 4,2,2,2,4,4,15
20201129,6,0,0,3,1,2,1,2,3,4,9,10,29, 11, 9, 11, 7, 7, 1, 1, 1, 5, 1,3,1,1,1,1,5
20201126,2,1,3,3,1,2,1,9,22,28,32,33,125, 34, 32, 41, 23, 50, 8, 13, 6, 4, 1,4,1,4,6,8,13
20201124,1,2,3,2,2,2,11,13,19,26,30,33,132, 44, 22, 43, 17, 45, 2, 6, 7, 4, 3,3,2,3,4,6,7
20201122,4,1,1,3,1,2,7,8,9,10,16,27,77, 34, 20, 24, 8, 19, 1, 1, 1, 6, 11,0,1,1,1,6,11
20201119,2,3,1,2,2,2,5,6,14,16,19,27,87, 32, 22, 25, 13, 30, 1, 8, 2, 3, 8,0,1,2,3,8,8
20201117,2,2,2,3,2,1,1,4,12,20,25,32,94, 33, 31, 29, 21, 32, 3, 8, 8, 5, 7,3,3,5,7,8,8
20201115,3,0,3,1,3,2,1,5,11,24,30,32,103, 33, 31, 35, 25, 35, 4, 6, 13, 6, 2,3,2,4,6,6,13
20201112,4,1,1,4,1,1,1,3,7,10,22,32,75, 33, 31, 25, 19, 17, 2, 4, 3, 12, 10,4,2,3,4,10,12
20201110,2,2,2,1,3,2,2,9,12,17,28,32,100, 34, 30, 37, 19, 29, 7, 3, 5, 11, 4,3,3,4,5,7,11
20201108,2,2,2,1,2,3,6,9,17,22,24,26,104, 32, 20, 33, 15, 39, 3, 8, 5, 2, 2,1,2,2,3,5,8
20201105,3,2,1,2,2,2,2,6,9,14,22,25,78, 27, 23, 28, 16, 23, 4, 3, 5, 8, 3,2,3,3,4,5,8
20201103,1,3,2,2,3,1,6,13,16,20,23,32,110, 38, 26, 36, 10, 36, 7, 3, 4, 3, 9,3,3,3,4,7,9
20201101,1,3,2,1,3,2,10,12,15,17,23,32,109, 42, 22, 35, 11, 32, 2, 3, 2, 6, 9,3,2,2,3,6,9
20201029,3,0,3,2,1,3,3,9,11,24,25,28,100, 31, 25, 34, 16, 35, 6, 2, 13, 1, 3,2,1,2,3,6,13
20201027,3,2,1,2,2,2,2,4,11,15,18,28,78, 30, 26, 22, 14, 26, 2, 7, 4, 3, 10,2,2,3,4,7,10
20201025,1,4,1,2,2,2,6,14,19,20,22,24,105, 30, 18, 36, 8, 39, 8, 5, 1, 2, 2,1,1,2,2,5,8
20201022,3,1,2,3,2,1,4,8,10,16,27,29,94, 33, 25, 35, 19, 26, 4, 2, 6, 11, 2,0,2,2,4,6,11
20201020,3,1,2,4,1,1,4,9,10,22,28,32,105, 36, 28, 37, 19, 32, 5, 1, 12, 6, 4,2,1,4,5,6,12
20201018,2,1,3,3,2,1,9,10,19,25,26,29,118, 38, 20, 36, 16, 44, 1, 9, 6, 1, 3,0,1,1,3,6,9
20201015,1,1,4,3,1,2,10,17,24,25,28,30,134, 40, 20, 45, 11, 49, 7, 7, 1, 3, 2,0,1,2,3,7,7
20201013,2,3,1,3,2,1,1,7,15,16,20,23,82, 24, 22, 27, 13, 31, 6, 8, 1, 4, 3,2,1,3,4,6,8
20201011,3,2,1,0,2,4,5,6,11,12,15,30,79, 35, 25, 21, 9, 23, 1, 5, 1, 3, 15,2,1,1,3,5,15
20201008,3,1,2,2,2,2,6,8,11,22,25,33,105, 39, 27, 33, 17, 33, 2, 3, 11, 3, 8,3,2,3,3,8,11
20201006,2,1,3,1,3,2,2,8,21,25,26,30,112, 32, 28, 34, 18, 46, 6, 13, 4, 1, 4,2,1,4,4,6,13
20200929,1,1,4,1,4,1,1,20,23,26,27,32,129, 33, 31, 47, 7, 49, 19, 3, 3, 1, 5,3,1,3,3,5,19
20200927,2,3,1,1,3,2,3,9,16,17,20,26,91, 29, 23, 29, 11, 33, 6, 7, 1, 3, 6,1,1,3,6,6,7
20200924,1,2,3,2,2,2,10,15,17,27,29,31,129, 41, 21, 44, 14, 44, 5, 2, 10, 2, 2,1,2,2,2,5,10
20200922,3,3,0,4,1,1,4,5,10,13,15,19,66, 23, 15, 20, 10, 23, 1, 5, 3, 2, 4,1,1,2,3,4,5
20200920,2,3,1,2,0,4,1,6,12,18,22,24,83, 25, 23, 28, 16, 30, 5, 6, 6, 4, 2,3,2,4,5,6,6
20200917,3,3,0,3,1,2,1,9,11,12,16,19,68, 20, 18, 25, 7, 23, 8, 2, 1, 4, 3,3,1,2,3,4,8
20200915,1,1,4,1,4,1,2,21,23,26,31,32,135, 34, 30, 52, 10, 49, 19, 2, 3, 5, 1,5,1,2,3,5,19
20200913,1,3,2,1,3,2,2,14,16,21,29,30,112, 32, 28, 43, 15, 37, 12, 2, 5, 8, 1,2,1,2,5,8,12
20200910,2,1,3,1,2,3,1,6,12,26,29,30,104, 31, 29, 35, 23, 38, 5, 6, 14, 3, 1,2,1,3,5,6,14
20200908,1,2,3,1,3,2,11,15,20,23,25,33,127, 44, 22, 40, 10, 43, 4, 5, 3, 2, 8,3,2,3,4,5,8
20200906,3,1,2,1,1,4,2,4,6,15,24,27,78, 29, 25, 28, 20, 21, 2, 2, 9, 9, 3,1,2,2,3,9,9
20200903,4,1,1,2,2,2,1,2,5,9,19,24,60, 25, 23, 21, 17, 14, 1, 3, 4, 10, 5,2,1,3,4,5,10
20200901,2,2,2,2,2,2,3,7,16,17,23,30,96, 33, 27, 30, 16, 33, 4, 9, 1, 6, 7,2,1,4,6,7,9
20200830,1,1,4,4,1,1,1,19,25,26,30,31,132, 32, 30, 49, 11, 51, 18, 6, 1, 4, 1,2,1,1,4,6,18
20200827,3,2,1,0,4,2,2,8,11,17,21,30,89, 32, 28, 29, 13, 28, 6, 3, 6, 4, 9,3,3,4,6,6,9
20200825,2,2,2,2,2,2,1,5,13,14,27,33,93, 34, 32, 32, 22, 27, 4, 8, 1, 13, 6,3,1,4,6,8,13
20200823,0,4,2,2,1,3,14,15,18,22,31,33,133, 47, 19, 46, 16, 40, 1, 3, 4, 9, 2,3,1,2,3,4,9
20200820,1,4,1,1,3,2,5,12,20,21,22,29,109, 34, 24, 34, 10, 41, 7, 8, 1, 1, 7,3,1,1,7,7,8
20200818,2,3,1,1,3,2,3,11,14,16,21,32,97, 35, 29, 32, 10, 30, 8, 3, 2, 5, 11,4,2,3,5,8,11
20200816,2,2,2,3,0,3,3,10,16,21,25,27,102, 30, 24, 35, 15, 37, 7, 6, 5, 4, 2,2,2,4,5,6,7
20200813,1,4,1,2,1,3,10,15,16,18,20,27,106, 37, 17, 35, 5, 34, 5, 1, 2, 2, 7,0,1,2,2,5,7
20200811,2,2,2,1,2,3,3,11,13,20,24,30,101, 33, 27, 35, 13, 33, 8, 2, 7, 4, 6,3,2,4,6,7,8
20200809,3,2,1,3,1,2,4,8,9,13,19,33,86, 37, 29, 27, 11, 22, 4, 1, 4, 6, 14,2,1,4,4,6,14
20200806,3,1,2,2,3,1,5,7,11,13,27,29,92, 34, 24, 34, 20, 24, 2, 4, 2, 14, 2,2,2,2,2,4,14
20200804,3,2,1,1,3,2,6,8,10,15,17,26,82, 32, 20, 25, 9, 25, 2, 2, 5, 2, 9,0,2,2,2,5,9
20200802,2,3,1,2,2,2,9,11,12,13,22,23,90, 32, 14, 33, 11, 25, 2, 1, 1, 9, 1,5,1,1,1,2,9
20200730,4,2,0,3,1,2,1,2,4,6,19,21,53, 22, 20, 21, 17, 10, 1, 2, 2, 13, 2,3,1,2,2,2,13
20200728,3,2,1,2,1,3,3,9,10,13,18,26,79, 29, 23, 27, 9, 23, 6, 1, 3, 5, 8,2,1,3,5,6,8
20200726,0,3,3,1,2,3,12,16,21,26,27,32,134, 44, 20, 43, 11, 47, 4, 5, 5, 1, 5,3,1,4,5,5,5
20200723,3,0,3,2,1,3,4,7,9,23,27,30,100, 34, 26, 34, 20, 32, 3, 2, 14, 4, 3,1,2,3,3,4,14
20200721,2,2,2,2,3,1,2,9,13,17,26,28,95, 30, 26, 35, 17, 30, 7, 4, 4, 9, 2,2,2,4,4,7,9
20200719,1,3,2,0,2,4,9,15,18,21,23,26,112, 35, 17, 38, 8, 39, 6, 3, 3, 2, 3,2,2,3,3,3,6
20200716,3,1,2,2,1,3,1,3,7,21,27,32,91, 33, 31, 30, 24, 28, 2, 4, 14, 6, 5,4,2,4,5,6,14
20200714,0,4,2,2,2,2,12,15,16,22,29,32,126, 44, 20, 44, 14, 38, 3, 1, 6, 7, 3,3,1,3,3,6,7
20200712,1,3,2,2,3,1,10,14,17,22,26,27,116, 37, 17, 40, 12, 39, 4, 3, 5, 4, 1,1,1,3,4,4,5
20200709,1,1,4,1,3,2,8,17,24,26,27,31,133, 39, 23, 44, 10, 50, 9, 7, 2, 1, 4,1,1,2,4,7,9
20200707,2,2,2,0,3,3,5,9,14,20,24,30,102, 35, 25, 33, 15, 34, 4, 5, 6, 4, 6,0,4,4,5,6,6
20200705,3,2,1,4,2,0,2,4,10,17,22,25,80, 27, 23, 26, 18, 27, 2, 6, 7, 5, 3,2,2,3,5,6,7
20200702,3,2,1,2,2,2,1,3,11,12,19,26,72, 27, 25, 22, 16, 23, 2, 8, 1, 7, 7,4,1,2,7,7,8
20200630,1,2,3,0,4,2,9,14,21,23,26,32,125, 41, 23, 40, 12, 44, 5, 7, 2, 3, 6,3,2,3,5,6,7
20200628,3,1,2,1,4,1,2,5,8,12,26,31,84, 33, 29, 31, 21, 20, 3, 3, 4, 14, 5,3,3,3,4,5,14
20200625,3,0,3,3,2,1,1,5,7,23,28,30,94, 31, 29, 33, 23, 30, 4, 2, 16, 5, 2,2,2,2,4,5,16
20200623,2,1,3,4,1,1,3,10,19,25,26,31,114, 34, 28, 36, 16, 44, 7, 9, 6, 1, 5,2,1,5,6,7,9
20200621,1,3,2,1,3,2,2,14,15,16,32,33,112, 35, 31, 46, 18, 31, 12, 1, 1, 16, 1,3,1,1,1,12,16
20200618,2,1,3,1,4,1,2,8,13,29,32,33,117, 35, 31, 40, 24, 42, 6, 5, 16, 3, 1,4,1,3,5,6,16
20200616,4,1,1,2,2,2,3,6,8,11,19,28,75, 31, 25, 25, 13, 19, 3, 2, 3, 8, 9,2,2,3,3,8,9
20200614,2,2,2,1,3,2,4,9,17,20,32,33,115, 37, 29, 41, 23, 37, 5, 8, 3, 12, 1,2,1,3,5,8,12
20200611,3,3,0,3,0,3,1,7,9,12,18,22,69, 23, 21, 25, 11, 21, 6, 2, 3, 6, 4,3,2,3,4,6,6
20200609,0,3,3,0,3,3,12,14,18,23,30,32,129, 44, 20, 44, 16, 41, 2, 4, 5, 7, 2,3,2,2,4,5,7
20200607,2,2,2,4,2,0,4,10,17,19,28,32,110, 36, 28, 38, 18, 36, 6, 7, 2, 9, 4,1,2,4,6,7,9
20200604,0,2,4,3,2,1,13,19,25,26,27,32,142, 45, 19, 46, 8, 51, 6, 6, 1, 1, 5,2,1,1,5,6,6
20200602,2,3,1,1,1,4,2,3,15,21,22,33,96, 35, 31, 25, 19, 36, 1, 12, 6, 1, 11,5,1,1,6,11,12
20200531,2,3,1,3,2,1,7,8,16,17,19,24,91, 31, 17, 27, 11, 33, 1, 8, 1, 2, 5,0,1,1,2,5,8
20200528,2,0,4,2,1,3,1,11,24,25,27,30,118, 31, 29, 38, 16, 49, 10, 13, 1, 2, 3,2,1,2,3,10,13
20200526,4,1,1,2,3,1,2,6,7,11,14,31,71, 33, 29, 20, 8, 18, 4, 1, 4, 3, 17,3,1,3,4,4,17
20200524,2,2,2,4,0,2,6,7,16,22,24,25,100, 31, 19, 31, 17, 38, 1, 9, 6, 2, 1,1,1,1,2,6,9
20200521,2,4,0,3,0,3,1,6,12,16,19,21,75, 22, 20, 25, 13, 28, 5, 6, 4, 3, 2,3,2,3,4,5,6
20200519,4,1,1,2,3,1,2,9,10,11,16,29,77, 31, 27, 25, 7, 21, 7, 1, 1, 5, 13,2,1,1,5,7,13
20200517,3,1,2,2,1,3,1,6,7,18,23,24,79, 25, 23, 29, 17, 25, 5, 1, 11, 5, 1,2,1,1,5,5,11
20200514,3,2,1,3,2,1,1,4,11,13,17,24,70, 25, 23, 21, 13, 24, 3, 7, 2, 4, 7,3,2,3,4,7,7
20200512,2,2,2,3,1,2,7,9,16,22,24,32,110, 39, 25, 33, 15, 38, 2, 7, 6, 2, 8,2,2,2,6,7,8
20200510,1,1,4,3,1,2,10,14,24,25,28,33,134, 43, 23, 42, 14, 49, 4, 10, 1, 3, 5,1,1,3,4,5,10
20200507,2,2,2,1,4,1,2,8,15,16,26,32,99, 34, 30, 34, 18, 31, 6, 7, 1, 10, 6,2,1,6,6,7,10
20200505,2,2,2,3,1,2,7,10,12,21,31,32,113, 39, 25, 41, 21, 33, 3, 2, 9, 10, 1,4,1,2,3,9,10
20200503,2,3,1,1,3,2,3,11,13,14,15,26,82, 29, 23, 26, 4, 27, 8, 2, 1, 1, 11,3,1,1,2,8,11
20200430,3,2,1,1,2,3,2,5,9,15,16,27,74, 29, 25, 21, 11, 24, 3, 4, 6, 1, 11,1,1,3,4,6,11
20200428,0,3,3,0,3,3,17,18,21,29,30,32,147, 49, 15, 48, 12, 50, 1, 3, 8, 1, 2,2,1,1,2,3,8
20200426,1,3,2,1,2,3,1,12,18,20,30,32,113, 33, 31, 42, 18, 38, 11, 6, 2, 10, 2,3,2,2,6,10,11
20200423,2,2,2,0,3,3,5,6,15,18,26,32,102, 37, 27, 32, 20, 33, 1, 9, 3, 8, 6,1,1,3,6,8,9
20200421,0,3,3,3,1,2,12,13,14,24,25,28,116, 40, 16, 38, 12, 38, 1, 1, 10, 1, 3,2,1,1,1,3,10
20200419,3,2,1,4,0,2,1,4,9,18,19,31,82, 32, 30, 23, 15, 27, 3, 5, 9, 1, 12,2,1,3,5,9,12
20200416,3,2,1,2,2,2,1,9,10,15,20,29,84, 30, 28, 29, 11, 25, 8, 1, 5, 5, 9,1,1,5,5,8,9
20200414,1,1,4,4,1,1,10,13,27,28,29,31,138, 41, 21, 42, 16, 55, 3, 14, 1, 1, 2,2,1,1,2,3,14
20200412,2,2,2,1,2,3,4,5,20,21,30,33,113, 37, 29, 35, 25, 41, 1, 15, 1, 9, 3,2,1,1,3,9,15
20200409,2,2,2,3,2,1,2,10,20,22,25,30,109, 32, 28, 35, 15, 42, 8, 10, 2, 3, 5,2,2,3,5,8,10
20200407,2,2,2,2,2,2,2,6,14,16,27,31,96, 33, 29, 33, 21, 30, 4, 8, 2, 11, 4,2,2,4,4,8,11
20200405,3,3,0,3,0,3,1,6,9,13,15,22,66, 23, 21, 21, 9, 22, 5, 3, 4, 2, 7,3,2,3,4,5,7
20200402,0,2,4,2,0,4,15,19,27,28,30,33,152, 48, 18, 49, 11, 55, 4, 8, 1, 2, 3,1,1,2,3,4,8
20200331,4,2,0,2,4,0,5,7,8,11,17,22,70, 27, 17, 24, 10, 19, 2, 1, 3, 6, 5,2,1,2,3,5,6
20200329,3,2,1,2,2,2,2,4,7,15,20,27,75, 29, 25, 24, 16, 22, 2, 3, 8, 5, 7,1,2,3,5,7,8
20200326,3,1,2,0,3,3,5,6,8,17,24,27,87, 32, 22, 30, 18, 25, 1, 2, 9, 7, 3,0,1,2,3,7,9
20200324,2,1,3,1,1,4,8,9,22,24,30,33,126, 41, 25, 39, 21, 46, 1, 13, 2, 6, 3,2,1,2,3,6,13
20200322,4,2,0,3,2,1,2,7,8,10,12,16,55, 18, 14, 19, 5, 18, 5, 1, 2, 2, 4,2,1,2,2,4,5
20200319,3,2,1,1,3,2,2,8,10,20,21,30,91, 32, 28, 29, 13, 30, 6, 2, 10, 1, 9,2,1,2,6,9,10
20200317,1,2,3,3,3,0,4,13,14,23,26,31,111, 35, 27, 39, 13, 37, 9, 1, 9, 3, 5,3,1,3,5,9,9
20200315,3,2,1,2,3,1,4,5,7,17,18,29,80, 33, 25, 23, 13, 24, 1, 2, 10, 1, 11,0,1,1,2,10,11
20200312,1,2,3,2,3,1,11,14,22,27,31,32,137, 43, 21, 45, 17, 49, 3, 8, 5, 4, 1,4,1,3,4,5,8
20200121,3,2,1,1,3,2,3,6,8,14,19,26,76, 29, 23, 25, 13, 22, 3, 2, 6, 5, 7,1,2,3,5,6,7
20200119,5,0,1,4,1,1,1,4,6,10,11,28,60, 29, 27, 15, 7, 16, 3, 2, 4, 1, 17,2,1,2,3,4,17
20200116,1,3,2,2,3,1,5,12,17,20,25,31,110, 36, 26, 37, 13, 37, 7, 5, 3, 5, 6,2,3,5,5,6,7
20200114,4,1,1,3,2,1,3,4,5,10,16,32,70, 35, 29, 20, 12, 15, 1, 1, 5, 6, 16,2,1,1,5,6,16
20200112,1,3,2,2,4,0,11,16,17,22,26,32,124, 43, 21, 42, 10, 39, 5, 1, 5, 4, 6,3,1,4,5,5,6
20200109,1,2,3,0,3,3,2,15,17,27,32,33,126, 35, 31, 47, 17, 44, 13, 2, 10, 5, 1,3,1,2,5,10,13
20200107,1,1,4,0,4,2,9,17,26,29,30,32,143, 41, 23, 47, 13, 55, 8, 9, 3, 1, 2,1,1,2,3,8,9
20200105,2,3,1,2,2,2,4,9,14,15,16,29,87, 33, 25, 25, 7, 29, 5, 5, 1, 1, 13,0,1,1,5,5,13
20200102,1,1,4,0,4,2,2,15,23,26,29,30,125, 32, 28, 44, 14, 49, 13, 8, 3, 3, 1,2,1,3,3,8,13
20191231,3,1,2,0,2,4,2,6,9,18,24,26,85, 28, 24, 30, 18, 27, 4, 3, 9, 6, 2,1,2,3,4,6,9
20191229,2,2,2,1,3,2,2,9,14,22,27,29,103, 31, 27, 36, 18, 36, 7, 5, 8, 5, 2,2,2,5,5,7,8
20191226,2,0,4,3,0,3,1,6,27,28,31,33,126, 34, 32, 37, 25, 55, 5, 21, 1, 3, 2,3,1,2,3,5,21
20191224,2,2,2,2,2,2,9,10,13,20,26,27,105, 36, 18, 36, 16, 33, 1, 3, 7, 6, 1,1,1,1,3,6,7
20191222,2,2,2,1,2,3,1,9,12,14,23,27,86, 28, 26, 32, 14, 26, 8, 3, 2, 9, 4,3,2,3,4,8,9
20191219,3,1,2,3,1,2,1,4,10,12,30,32,89, 33, 31, 34, 26, 22, 3, 6, 2, 18, 2,3,2,2,3,6,18
20191217,2,4,0,3,2,1,1,8,13,17,18,19,76, 20, 18, 26, 10, 30, 7, 5, 4, 1, 1,2,1,1,4,5,7
20191215,1,3,2,1,1,4,2,12,15,19,27,30,105, 32, 28, 39, 15, 34, 10, 3, 4, 8, 3,2,3,3,4,8,10
20191212,1,3,2,2,3,1,5,13,15,16,26,32,107, 37, 27, 39, 13, 31, 8, 2, 1, 10, 6,2,1,2,6,8,10
20191210,1,1,4,0,3,3,8,14,24,27,29,33,135, 41, 25, 43, 15, 51, 6, 10, 3, 2, 4,1,2,3,4,6,10
20191208,1,4,1,2,2,2,10,13,14,15,17,33,102, 43, 23, 30, 4, 29, 3, 1, 1, 2, 16,2,1,1,2,3,16
20191205,4,2,0,2,3,1,2,4,9,11,14,22,62, 24, 20, 18, 10, 20, 2, 5, 2, 3, 8,3,2,2,3,5,8
20191203,1,2,3,0,4,2,8,14,20,23,30,33,128, 41, 25, 44, 16, 43, 6, 6, 3, 7, 3,2,3,3,6,6,7
20191201,2,1,3,1,2,3,2,6,12,30,31,32,113, 34, 30, 37, 25, 42, 4, 6, 18, 1, 1,4,1,1,4,6,18
20191128,2,2,2,5,1,0,7,10,13,19,23,31,103, 38, 24, 33, 13, 32, 3, 3, 6, 4, 8,3,3,3,4,6,8
20191126,0,4,2,0,3,3,12,14,15,17,29,33,120, 45, 21, 43, 15, 32, 2, 1, 2, 12, 4,2,1,2,2,4,12
20191124,4,0,2,1,1,4,3,6,10,11,27,33,90, 36, 30, 33, 21, 21, 3, 4, 1, 16, 6,3,1,3,4,6,16
20191121,3,1,2,3,1,2,1,4,6,22,29,30,92, 31, 29, 33, 25, 28, 3, 2, 16, 7, 1,2,1,2,3,7,16
20191119,2,2,2,3,0,3,3,7,16,21,24,31,102, 34, 28, 31, 17, 37, 4, 9, 5, 3, 7,3,3,4,5,7,9
20191117,3,2,1,2,2,2,4,6,11,14,19,33,87, 37, 29, 25, 13, 25, 2, 5, 3, 5, 14,2,2,3,5,5,14
20191114,1,3,2,2,2,2,9,17,19,20,24,31,120, 40, 22, 41, 7, 39, 8, 2, 1, 4, 7,1,1,2,4,7,8
20191112,4,0,2,2,2,2,1,7,9,11,24,32,84, 33, 31, 31, 17, 20, 6, 2, 2, 13, 8,3,2,2,6,8,13
20191110,4,1,1,2,1,3,3,4,7,9,15,26,64, 29, 23, 19, 11, 16, 1, 3, 2, 6, 11,1,1,2,3,6,11
20191107,2,4,0,2,2,2,3,8,12,16,17,19,75, 22, 16, 25, 9, 28, 5, 4, 4, 1, 2,2,1,2,4,4,5
20191105,3,2,1,1,2,3,2,6,7,12,17,24,68, 26, 22, 23, 11, 19, 4, 1, 5, 5, 7,2,1,4,5,5,7
20191103,1,2,3,0,5,1,2,14,17,29,32,33,127, 35, 31, 46, 18, 46, 12, 3, 12, 3, 1,3,1,3,3,12,12
20191031,2,1,3,0,4,2,2,11,12,26,27,29,107, 31, 27, 38, 16, 38, 9, 1, 14, 1, 2,3,1,1,2,9,14
20191029,2,0,4,2,1,3,4,9,30,31,32,33,139, 37, 29, 41, 23, 61, 5, 21, 1, 1, 1,3,1,1,1,5,21
20191027,3,1,2,1,3,2,2,6,8,17,28,30,91, 32, 28, 34, 22, 25, 4, 2, 9, 11, 2,1,2,2,4,9,11
20191024,2,3,1,3,1,2,4,10,15,19,21,23,92, 27, 19, 31, 11, 34, 6, 5, 4, 2, 2,2,2,2,4,5,6
20191022,2,2,2,1,1,4,2,6,15,21,30,31,105, 33, 29, 36, 24, 36, 4, 9, 6, 9, 1,3,1,4,6,9,9
20191020,1,1,4,2,1,3,10,12,27,31,32,33,145, 43, 23, 44, 20, 58, 2, 15, 4, 1, 1,4,1,1,2,4,15
20191017,1,2,3,2,2,2,4,20,22,24,26,33,129, 37, 29, 46, 6, 46, 16, 2, 2, 2, 7,2,2,2,2,7,16
20191015,0,3,3,3,1,2,12,14,15,25,28,31,125, 43, 19, 42, 14, 40, 2, 1, 10, 3, 3,2,1,2,3,3,10
20191013,3,0,3,1,3,2,3,5,11,28,32,33,112, 36, 30, 37, 27, 39, 2, 6, 17, 4, 1,4,1,2,4,6,17
20191010,3,2,1,3,1,2,1,8,9,13,16,33,80, 34, 32, 24, 8, 22, 7, 1, 4, 3, 17,3,1,3,4,7,17
20191008,3,2,1,2,3,1,4,10,11,14,15,29,83, 33, 25, 25, 5, 25, 6, 1, 3, 1, 14,1,1,1,3,6,14
20190929,4,1,1,1,2,3,2,4,9,11,12,30,68, 32, 28, 16, 8, 20, 2, 5, 2, 1, 18,3,1,2,2,5,18
20190926,2,2,2,3,1,2,1,5,19,21,25,33,104, 34, 32, 30, 20, 40, 4, 14, 2, 4, 8,3,2,4,4,8,14
20190924,1,3,2,0,3,3,3,12,14,17,23,27,96, 30, 24, 35, 11, 31, 9, 2, 3, 6, 4,3,2,3,4,6,9
20190922,1,3,2,2,1,3,7,18,20,22,24,33,124, 40, 26, 42, 6, 42, 11, 2, 2, 2, 9,2,2,2,2,9,11
20190919,1,2,3,3,1,2,1,18,22,26,27,28,122, 29, 27, 45, 9, 48, 17, 4, 4, 1, 1,2,1,1,4,4,17
20190917,3,1,2,3,1,2,3,6,7,17,28,31,92, 34, 28, 34, 22, 24, 3, 1, 10, 11, 3,2,1,3,3,10,11
20190915,1,3,2,5,1,0,7,13,19,22,25,32,118, 39, 25, 38, 12, 41, 6, 6, 3, 3, 7,3,3,3,6,6,7
20190912,3,0,3,0,4,2,2,6,8,23,27,32,98, 34, 30, 33, 21, 31, 4, 2, 15, 4, 5,3,2,4,4,5,15
20190910,1,2,3,1,2,3,2,14,22,27,30,33,128, 35, 31, 44, 16, 49, 12, 8, 5, 3, 3,3,3,3,5,8,12
20190908,1,3,2,1,3,2,2,13,15,17,26,33,106, 35, 31, 39, 13, 32, 11, 2, 2, 9, 7,3,2,2,7,9,11
20190905,2,3,1,2,2,2,1,5,16,17,18,24,81, 25, 23, 23, 13, 33, 4, 11, 1, 1, 6,1,1,1,4,6,11
20190903,1,3,2,1,2,3,4,12,14,21,27,29,107, 33, 25, 39, 15, 35, 8, 2, 7, 6, 2,2,2,2,6,7,8
20190901,2,3,1,1,3,2,3,8,12,16,20,32,91, 35, 29, 28, 12, 28, 5, 4, 4, 4, 12,3,4,4,4,5,12
20190829,3,1,2,3,0,3,1,4,9,21,31,33,99, 34, 32, 35, 27, 30, 3, 5, 12, 10, 2,4,2,3,5,10,12
20190827,2,2,2,3,1,2,1,4,12,13,30,32,92, 33, 31, 34, 26, 25, 3, 8, 1, 17, 2,4,1,2,3,8,17
20190825,1,2,3,2,2,2,7,14,22,23,27,30,123, 37, 23, 41, 13, 45, 7, 8, 1, 4, 3,2,1,3,4,7,8
20190822,2,3,1,0,4,2,3,11,12,14,17,26,83, 29, 23, 28, 6, 26, 8, 1, 2, 3, 9,3,1,2,3,8,9
20190820,2,1,3,2,1,3,3,5,18,24,25,31,106, 34, 28, 30, 20, 42, 2, 13, 6, 1, 6,2,1,2,6,6,13
20190818,2,2,2,1,2,3,5,7,12,18,27,32,101, 37, 27, 34, 20, 30, 2, 5, 6, 9, 5,2,2,5,5,6,9
20190815,2,3,1,2,3,1,2,5,14,19,21,28,89, 30, 26, 26, 16, 33, 3, 9, 5, 2, 7,2,2,3,5,7,9
20190813,2,3,1,2,1,3,5,10,12,18,19,27,91, 32, 22, 29, 9, 30, 5, 2, 6, 1, 8,1,1,2,5,6,8
20190811,4,2,0,2,3,1,5,7,8,9,20,22,71, 27, 17, 27, 13, 17, 2, 1, 1, 11, 2,1,1,1,2,2,11
20190808,1,1,4,1,2,3,9,17,27,28,32,33,146, 42, 24, 49, 15, 55, 8, 10, 1, 4, 1,2,1,1,4,8,10
20190806,2,1,3,2,2,2,7,10,21,24,29,32,123, 39, 25, 39, 19, 45, 3, 11, 3, 5, 3,2,3,3,3,5,11
20190804,4,2,0,1,3,2,2,3,6,8,14,22,55, 24, 20, 17, 11, 14, 1, 3, 2, 6, 8,3,1,2,3,6,8
20190801,2,4,0,3,3,0,2,4,14,16,20,22,78, 24, 20, 24, 16, 30, 2, 10, 2, 4, 2,2,2,2,2,4,10
20190730,0,4,2,1,3,2,13,14,15,21,23,29,115, 42, 16, 37, 9, 36, 1, 1, 6, 2, 6,3,1,1,2,6,6
20190728,4,1,1,2,1,3,4,5,7,9,21,30,76, 34, 26, 26, 16, 16, 1, 2, 2, 12, 9,1,1,2,2,9,12
20190725,0,2,4,4,1,1,16,22,24,26,28,31,147, 47, 15, 50, 6, 50, 6, 2, 2, 2, 3,2,2,2,2,3,6
20190723,2,2,2,2,2,2,1,4,14,18,24,29,90, 30, 28, 28, 20, 32, 3, 10, 4, 6, 5,1,3,4,5,6,10
20190721,2,3,1,1,3,2,4,8,14,18,20,27,91, 31, 23, 28, 12, 32, 4, 6, 4, 2, 7,0,2,4,4,6,7
20190718,1,2,3,2,2,2,6,15,17,26,28,31,123, 37, 25, 43, 13, 43, 9, 2, 9, 2, 3,1,2,2,3,9,9
20190716,1,3,2,5,0,1,7,16,19,22,24,28,116, 35, 21, 40, 8, 41, 9, 3, 3, 2, 4,1,2,3,3,4,9
20190714,1,0,5,1,3,2,5,24,27,29,31,32,148, 37, 27, 55, 7, 56, 19, 3, 2, 2, 1,2,1,2,2,3,19
20190711,3,1,2,0,3,3,3,6,8,20,24,32,93, 35, 29, 30, 18, 28, 3, 2, 12, 4, 8,2,2,3,4,8,12
20190709,4,1,1,3,0,3,1,3,6,9,19,31,69, 32, 30, 22, 16, 15, 2, 3, 3, 10, 12,3,2,3,3,10,12
20190707,1,1,4,2,2,2,1,17,27,29,31,33,138, 34, 32, 48, 14, 56, 16, 10, 2, 2, 2,3,2,2,2,10,16
20190704,2,4,0,2,1,3,9,11,13,18,21,22,94, 31, 13, 32, 10, 31, 2, 2, 5, 3, 1,4,1,2,2,3,5
20190702,0,4,2,1,3,2,12,15,19,20,29,32,127, 44, 20, 44, 14, 39, 3, 4, 1, 9, 3,2,1,3,3,4,9
20190630,2,2,2,2,3,1,5,8,20,22,31,33,119, 38, 28, 39, 23, 42, 3, 12, 2, 9, 2,3,2,2,3,9,12
20190627,0,2,4,1,1,4,12,21,27,29,31,33,153, 45, 21, 52, 10, 56, 9, 6, 2, 2, 2,4,2,2,2,6,9
20190625,3,3,0,2,1,3,1,2,6,12,16,18,55, 19, 17, 18, 14, 18, 1, 4, 6, 4, 2,3,1,2,4,4,6
20190623,2,3,1,2,1,3,2,9,13,15,22,30,91, 32, 28, 31, 13, 28, 7, 4, 2, 7, 8,3,2,4,7,7,8
20190620,2,1,3,2,2,2,1,8,19,24,29,30,111, 31, 29, 37, 21, 43, 7, 11, 5, 5, 1,1,1,5,5,7,11
20190618,1,3,2,1,1,4,6,15,18,19,24,32,114, 38, 26, 39, 9, 37, 9, 3, 1, 5, 8,1,1,3,5,8,9
20190616,2,3,1,3,1,2,6,11,16,19,21,25,98, 31, 19, 32, 10, 35, 5, 5, 3, 2, 4,2,2,3,4,5,5
20190613,1,2,3,0,3,3,3,14,20,24,26,33,120, 36, 30, 40, 12, 44, 11, 6, 4, 2, 7,2,2,4,6,7,11
20190611,4,0,2,1,2,3,4,6,8,11,30,33,92, 37, 29, 36, 24, 19, 2, 2, 3, 19, 3,2,2,2,3,3,19
20190609,1,4,1,2,4,0,1,14,17,20,22,32,106, 33, 31, 36, 8, 37, 13, 3, 3, 2, 10,3,2,3,3,10,13
20190606,3,2,1,0,3,3,6,9,11,15,20,26,87, 32, 20, 29, 11, 26, 3, 2, 4, 5, 6,1,2,3,4,5,6
20190604,0,2,4,1,1,4,12,20,24,25,30,33,144, 45, 21, 50, 10, 49, 8, 4, 1, 5, 3,2,1,3,4,5,8
20190602,1,3,2,4,2,0,1,14,19,22,29,31,116, 32, 30, 43, 15, 41, 13, 5, 3, 7, 2,3,2,3,5,7,13
20190530,1,2,3,3,2,1,7,13,16,23,26,30,115, 37, 23, 39, 13, 39, 6, 3, 7, 3, 4,2,3,3,4,6,7
20190528,1,2,3,2,1,3,3,17,19,24,27,31,121, 34, 28, 44, 10, 43, 14, 2, 5, 3, 4,2,2,3,4,5,14
20190526,2,2,2,1,3,2,3,4,14,20,23,27,91, 30, 24, 27, 19, 34, 1, 10, 6, 3, 4,2,1,3,4,6,10
20190523,4,2,0,3,1,2,4,5,7,9,16,18,59, 22, 14, 21, 11, 16, 1, 2, 2, 7, 2,0,1,2,2,2,7
20190521,2,2,2,1,2,3,7,8,12,21,23,27,98, 34, 20, 31, 15, 33, 1, 4, 9, 2, 4,3,1,2,4,4,9
20190519,4,2,0,2,2,2,4,5,6,8,13,18,54, 22, 14, 18, 8, 14, 1, 1, 2, 5, 5,1,1,1,2,5,5
20190516,0,5,1,2,3,1,13,14,17,19,21,29,113, 42, 16, 35, 7, 36, 1, 3, 2, 2, 8,2,1,2,2,3,8
20190514,3,2,1,3,1,2,1,6,11,15,19,31,83, 32, 30, 25, 13, 26, 5, 5, 4, 4, 12,3,4,4,5,5,12
20190512,3,1,2,2,2,2,7,10,11,15,24,26,93, 33, 19, 34, 14, 26, 3, 1, 4, 9, 2,1,1,2,3,4,9
20190509,1,2,3,5,1,0,4,16,22,25,29,31,127, 35, 27, 45, 13, 47, 12, 6, 3, 4, 2,2,2,3,4,6,12
20190507,3,3,0,3,0,3,3,6,9,13,16,19,66, 22, 16, 22, 10, 22, 3, 3, 4, 3, 3,2,3,3,3,3,4
20190505,3,2,1,3,1,2,8,9,10,13,15,28,83, 36, 20, 24, 6, 23, 1, 1, 3, 2, 13,1,1,1,2,3,13
20190502,4,1,1,2,2,2,4,6,10,11,21,23,75, 27, 19, 27, 15, 21, 2, 4, 1, 10, 2,3,1,2,2,4,10
20190430,2,2,2,4,1,1,3,10,13,22,23,28,99, 31, 25, 33, 13, 35, 7, 3, 9, 1, 5,4,1,3,5,7,9
20190428,3,2,1,2,1,3,3,7,10,12,18,29,79, 32, 26, 25, 11, 22, 4, 3, 2, 6, 11,2,2,3,4,6,11
20190425,2,1,3,1,1,4,3,11,18,25,30,33,120, 36, 30, 41, 19, 43, 8, 7, 7, 5, 3,3,3,5,7,7,8
20190423,1,3,2,3,2,1,2,12,16,22,25,32,109, 34, 30, 37, 13, 38, 10, 4, 6, 3, 7,4,3,4,6,7,10
20190421,2,2,2,3,1,2,1,6,17,19,27,31,101, 32, 30, 33, 21, 36, 5, 11, 2, 8, 4,2,2,4,5,8,11
20190418,1,3,2,1,4,1,6,14,16,17,23,29,105, 35, 23, 37, 9, 33, 8, 2, 1, 6, 6,1,1,2,6,6,8
20190416,2,2,2,2,1,3,1,6,12,13,24,32,88, 33, 31, 30, 18, 25, 5, 6, 1, 11, 8,4,1,5,6,8,11
20190414,0,4,2,3,2,1,15,17,19,22,25,26,124, 41, 11, 42, 8, 41, 2, 2, 3, 3, 1,1,1,2,2,3,3
20190411,2,1,3,1,3,2,2,9,13,23,24,26,97, 28, 24, 33, 15, 36, 7, 4, 10, 1, 2,3,1,2,4,7,10
20190409,3,1,2,1,2,3,5,6,9,18,23,31,92, 36, 26, 29, 17, 27, 1, 3, 9, 5, 8,2,1,3,5,8,9
20190407,3,1,2,1,3,2,6,7,11,14,27,32,97, 38, 26, 34, 20, 25, 1, 4, 3, 13, 5,2,1,3,4,5,13
20190404,1,2,3,0,1,5,9,12,21,27,29,30,128, 39, 21, 41, 17, 48, 3, 9, 6, 2, 1,2,1,2,3,6,9
20190402,2,3,1,3,1,2,1,7,12,14,18,25,77, 26, 24, 25, 11, 26, 6, 5, 2, 4, 7,2,2,4,5,6,7
20190331,2,2,2,3,3,0,2,10,13,16,23,32,96, 34, 30, 33, 13, 29, 8, 3, 3, 7, 9,4,3,3,7,8,9
20190328,5,1,0,3,2,1,1,5,7,9,10,20,52, 21, 19, 15, 5, 16, 4, 2, 2, 1, 10,1,1,2,2,4,10
20190326,2,2,2,1,2,3,9,11,15,22,24,26,107, 35, 17, 35, 13, 37, 2, 4, 7, 2, 2,2,2,2,2,4,7
20190324,1,3,2,1,2,3,9,15,19,21,23,29,116, 38, 20, 38, 8, 40, 6, 4, 2, 2, 6,2,2,2,4,6,6
20190321,3,1,2,3,1,2,4,8,9,13,28,33,95, 37, 29, 36, 20, 22, 4, 1, 4, 15, 5,2,1,4,4,5,15
20190319,1,4,1,1,0,5,3,13,15,18,21,33,103, 36, 30, 34, 8, 33, 10, 2, 3, 3, 12,4,2,3,3,10,12
20190317,4,2,0,4,1,1,4,5,7,10,12,22,60, 26, 18, 17, 7, 17, 1, 2, 3, 2, 10,2,1,2,2,3,10
20190314,2,1,3,0,5,1,8,11,17,23,32,33,124, 41, 25, 43, 21, 40, 3, 6, 6, 9, 1,4,1,3,6,6,9
20190312,1,2,3,3,2,1,4,19,22,26,29,30,130, 34, 26, 48, 10, 48, 15, 3, 4, 3, 1,1,1,3,3,4,15
20190310,5,1,0,1,4,1,2,6,8,10,11,17,54, 19, 15, 17, 5, 18, 4, 2, 2, 1, 6,2,1,2,2,4,6
20190307,1,4,1,2,1,3,3,13,15,19,20,27,97, 30, 24, 33, 7, 34, 10, 2, 4, 1, 7,2,1,2,4,7,10
20190305,0,3,3,1,0,5,15,16,21,27,30,33,142, 48, 18, 46, 14, 48, 1, 5, 6, 3, 3,2,1,3,3,5,6
20190303,2,0,4,3,3,0,1,8,23,25,28,29,114, 30, 28, 36, 20, 48, 7, 15, 2, 3, 1,2,1,2,3,7,15
20190228,2,3,1,3,1,2,1,10,14,15,18,31,89, 32, 30, 28, 8, 29, 9, 4, 1, 3, 13,2,1,3,4,9,13
20190226,3,1,2,1,1,4,3,7,11,21,30,33,105, 36, 30, 37, 23, 32, 4, 4, 10, 9, 3,4,3,4,4,9,10
20190224,4,1,1,1,4,1,2,5,7,8,20,27,69, 29, 25, 25, 15, 15, 3, 2, 1, 12, 7,1,1,2,3,7,12
20190221,1,2,3,2,2,2,2,12,13,23,27,28,105, 30, 26, 39, 15, 36, 10, 1, 10, 4, 1,4,1,1,4,10,10
20190219,2,2,2,1,2,3,3,11,17,18,24,25,98, 28, 22, 35, 13, 35, 8, 6, 1, 6, 1,2,1,1,6,6,8
20190217,2,2,2,2,3,1,4,11,18,19,26,32,110, 36, 28, 37, 15, 37, 7, 7, 1, 7, 6,2,1,6,7,7,7
20190214,2,0,4,2,1,3,4,5,24,28,30,33,124, 37, 29, 35, 25, 52, 1, 19, 4, 2, 3,1,1,2,3,4,19
20190212,4,1,1,3,2,1,5,7,9,11,19,25,76, 30, 20, 26, 12, 20, 2, 2, 2, 8, 6,1,2,2,2,6,8
20190203,1,3,2,2,2,2,11,15,16,20,24,31,117, 42, 20, 39, 9, 36, 4, 1, 4, 4, 7,2,1,4,4,4,7
20190131,3,2,1,2,2,2,1,2,3,14,19,33,72, 34, 32, 21, 17, 17, 1, 1, 11, 5, 14,4,1,1,5,11,14
20190129,2,4,0,2,2,2,5,7,14,16,18,21,81, 26, 16, 25, 11, 30, 2, 7, 2, 2, 3,1,2,2,2,3,7
20190127,2,1,3,3,1,2,7,10,21,23,31,33,125, 40, 26, 41, 21, 44, 3, 11, 2, 8, 2,4,2,2,3,8,11
20190124,1,3,2,3,0,3,10,13,19,21,24,30,117, 40, 20, 37, 11, 40, 3, 6, 2, 3, 6,2,2,3,3,6,6
20190122,5,0,1,1,4,1,2,4,5,8,11,30,60, 32, 28, 15, 7, 13, 2, 1, 3, 3, 19,2,1,2,3,3,19
20190120,3,1,2,5,1,0,1,7,10,22,31,32,103, 33, 31, 38, 24, 32, 6, 3, 12, 9, 1,4,1,3,6,9,12
20190117,3,1,2,2,2,2,2,6,9,13,28,32,90, 34, 30, 34, 22, 22, 4, 3, 4, 15, 4,3,3,4,4,4,15
20190115,2,3,1,2,2,2,6,10,14,15,19,23,87, 29, 17, 29, 9, 29, 4, 4, 1, 4, 4,1,1,4,4,4,4
20190113,3,1,2,4,2,0,1,5,10,19,26,28,89, 29, 27, 31, 21, 29, 4, 5, 9, 7, 2,1,2,4,5,7,9
20190110,0,2,4,3,2,1,21,22,26,28,31,32,160, 53, 11, 53, 9, 54, 1, 4, 2, 3, 1,4,1,1,2,3,4
20190108,1,3,2,2,3,1,8,12,16,19,26,32,113, 40, 24, 38, 14, 35, 4, 4, 3, 7, 6,2,3,4,4,6,7
20190106,0,5,1,2,2,2,13,17,20,21,22,27,120, 40, 14, 39, 5, 41, 4, 3, 1, 1, 5,3,1,1,3,4,5
20190103,5,1,0,1,2,3,4,5,6,8,9,18,50, 22, 14, 14, 4, 14, 1, 1, 2, 1, 9,0,1,1,1,2,9
20190101,2,2,2,2,1,3,6,10,13,15,32,33,109, 39, 27, 42, 22, 28, 4, 3, 2, 17, 1,3,1,2,3,4,17
20181230,2,1,3,4,2,0,1,7,17,23,25,31,104, 32, 30, 32, 18, 40, 6, 10, 6, 2, 6,3,2,6,6,6,10
20181227,1,2,3,3,3,0,4,14,16,23,28,29,114, 33, 25, 42, 14, 39, 10, 2, 7, 5, 1,1,1,2,5,7,10
20181225,1,2,3,2,3,1,5,15,19,25,26,29,119, 34, 24, 41, 11, 44, 10, 4, 6, 1, 3,0,1,3,4,6,10
20181223,2,3,1,2,2,2,6,8,15,19,20,31,99, 37, 25, 28, 12, 34, 2, 7, 4, 1, 11,1,1,2,4,7,11
20181220,4,1,1,3,1,2,1,7,8,10,12,24,62, 25, 23, 19, 5, 18, 6, 1, 2, 2, 12,2,1,2,2,6,12
20181218,2,3,1,2,0,4,3,6,18,19,21,31,98, 34, 28, 27, 15, 37, 3, 12, 1, 2, 10,3,1,2,3,10,12
20181216,1,2,3,0,2,4,3,15,17,23,27,30,115, 33, 27, 42, 12, 40, 12, 2, 6, 4, 3,2,2,3,4,6,12
20181213,3,2,1,1,4,1,2,10,11,17,18,29,87, 31, 27, 28, 8, 28, 8, 1, 6, 1, 11,2,1,1,6,8,11
20181211,2,2,2,3,1,2,3,9,13,22,23,25,95, 28, 22, 32, 14, 35, 6, 4, 9, 1, 2,4,1,2,4,6,9
20181209,1,4,1,1,3,2,8,13,17,18,20,27,103, 35, 19, 33, 7, 35, 5, 4, 1, 2, 7,1,1,2,4,5,7
20181206,2,1,3,2,1,3,4,6,15,28,32,33,118, 37, 29, 38, 26, 43, 2, 9, 13, 4, 1,2,1,2,4,9,13
20181204,4,0,2,2,3,1,5,8,10,11,27,28,89, 33, 23, 35, 19, 21, 3, 2, 1, 16, 1,1,1,1,2,3,16
20181202,1,3,2,1,2,3,11,14,16,18,24,33,116, 44, 22, 38, 10, 34, 3, 2, 2, 6, 9,2,2,2,3,6,9
20181129,1,3,2,4,1,1,1,15,20,22,25,28,111, 29, 27, 40, 10, 42, 14, 5, 2, 3, 3,2,2,3,3,5,14
20181127,1,2,3,1,4,1,11,18,20,23,31,32,135, 43, 21, 49, 13, 43, 7, 2, 3, 8, 1,4,1,2,3,7,8
20181125,2,0,4,3,1,2,1,10,25,27,30,32,125, 33, 31, 40, 20, 52, 9, 15, 2, 3, 2,2,2,2,3,9,15
20181122,3,2,1,0,4,2,3,5,11,15,20,23,77, 26, 20, 25, 15, 26, 2, 6, 4, 5, 3,3,2,3,4,5,6
20181120,1,2,3,2,1,3,10,12,15,25,26,27,115, 37, 17, 38, 14, 40, 2, 3, 10, 1, 1,1,1,1,2,3,10
20181118,5,0,1,2,2,2,1,3,6,10,11,29,60, 30, 28, 14, 8, 16, 2, 3, 4, 1, 18,3,1,2,3,4,18
20181115,1,2,3,2,1,3,3,16,18,31,32,33,133, 36, 30, 48, 16, 49, 13, 2, 13, 1, 1,4,1,1,2,13,13
20181113,3,2,1,1,3,2,2,4,11,12,18,32,79, 34, 30, 22, 14, 23, 2, 7, 1, 6, 14,4,1,2,6,7,14
20181111,4,2,0,3,1,2,1,2,9,10,15,22,59, 23, 21, 17, 13, 19, 1, 7, 1, 5, 7,3,1,1,5,7,7
20181108,0,2,4,2,1,3,21,22,24,31,32,33,163, 54, 12, 54, 10, 55, 1, 2, 7, 1, 1,5,1,1,1,2,7
20181106,1,3,2,1,2,3,5,12,17,18,24,28,104, 33, 23, 36, 12, 35, 7, 5, 1, 6, 4,1,1,4,5,6,7
20181104,3,3,0,3,1,2,2,4,6,16,18,19,65, 21, 17, 22, 14, 22, 2, 2, 10, 2, 1,1,1,2,2,2,10
20181101,3,2,1,3,2,1,6,7,8,19,22,23,85, 29, 17, 29, 15, 27, 1, 1, 11, 3, 1,2,1,1,1,3,11
20181030,5,1,0,1,3,2,2,5,6,7,11,15,46, 17, 13, 16, 6, 13, 3, 1, 1, 4, 4,2,1,1,3,4,4
20181028,4,2,0,2,2,2,1,6,8,9,14,22,60, 23, 21, 20, 8, 17, 5, 2, 1, 5, 8,2,1,2,5,5,8
20181025,3,2,1,1,3,2,3,10,11,14,15,32,85, 35, 29, 25, 5, 25, 7, 1, 3, 1, 17,3,1,1,3,7,17
20181023,1,4,1,4,1,1,9,13,14,19,22,25,102, 34, 16, 35, 9, 33, 4, 1, 5, 3, 3,2,1,3,3,4,5
20181021,0,2,4,2,1,3,13,21,24,27,31,32,148, 45, 19, 52, 10, 51, 8, 3, 3, 4, 1,4,1,3,3,4,8
20181018,2,2,2,2,3,1,5,7,20,22,30,32,116, 37, 27, 37, 23, 42, 2, 13, 2, 8, 2,2,2,2,2,8,13
20181016,2,2,2,2,3,1,6,8,14,19,23,25,95, 31, 19, 31, 15, 33, 2, 6, 5, 4, 2,1,2,2,4,5,6
20181014,2,1,3,1,1,4,3,4,18,26,27,33,111, 36, 30, 31, 23, 44, 1, 14, 8, 1, 6,2,1,1,6,8,14
20181011,1,3,2,3,1,2,3,13,14,16,25,27,98, 30, 24, 38, 12, 30, 10, 1, 2, 9, 2,2,1,2,2,9,10
20181009,1,3,2,2,1,3,8,12,21,22,27,31,121, 39, 23, 39, 15, 43, 4, 9, 1, 5, 4,4,1,4,4,5,9
20181007,2,2,2,1,4,1,8,11,15,17,23,25,99, 33, 17, 34, 12, 32, 3, 4, 2, 6, 2,2,2,2,3,4,6
20181004,1,3,2,2,4,0,5,14,17,22,23,28,109, 33, 23, 37, 9, 39, 9, 3, 5, 1, 5,2,1,3,5,5,9
20181002,1,2,3,3,2,1,1,13,19,24,26,29,112, 30, 28, 39, 13, 43, 12, 6, 5, 2, 3,2,2,3,5,6,12
20180930,2,3,1,3,1,2,1,7,15,16,20,27,86, 28, 26, 27, 13, 31, 6, 8, 1, 4, 7,1,1,4,6,7,8
20180927,3,1,2,3,1,2,1,6,9,16,25,26,83, 27, 25, 31, 19, 25, 5, 3, 7, 9, 1,1,1,3,5,7,9
20180925,2,1,3,2,3,1,5,8,18,25,26,31,113, 36, 26, 34, 18, 43, 3, 10, 7, 1, 5,1,1,3,5,7,10
20180923,2,1,3,4,1,1,1,7,14,24,25,28,99, 29, 27, 32, 18, 38, 6, 7, 10, 1, 3,1,1,3,6,7,10
20180920,1,4,1,3,2,1,11,13,16,21,22,23,106, 34, 12, 35, 9, 37, 2, 3, 5, 1, 1,5,1,1,2,3,5
20180918,2,1,3,2,2,2,10,11,18,23,31,33,126, 43, 23, 42, 20, 41, 1, 7, 5, 8, 2,4,1,2,5,7,8
20180916,1,3,2,1,2,3,5,13,18,21,26,30,113, 35, 25, 39, 13, 39, 8, 5, 3, 5, 4,2,3,4,5,5,8
20180913,3,3,0,2,3,1,1,2,5,12,20,22,62, 23, 21, 22, 18, 17, 1, 3, 7, 8, 2,4,1,2,3,7,8
20180911,1,2,3,3,1,2,4,18,19,24,25,26,116, 30, 22, 43, 7, 43, 14, 1, 5, 1, 1,0,1,1,1,5,14
20180909,2,3,1,4,1,1,4,5,13,18,19,25,84, 29, 21, 24, 14, 31, 1, 8, 5, 1, 6,1,1,1,5,6,8
20180906,3,1,2,2,2,2,2,3,6,19,25,29,84, 31, 27, 28, 22, 25, 1, 3, 13, 6, 4,2,1,3,4,6,13
20180904,2,2,2,1,2,3,2,9,15,22,23,24,95, 26, 22, 32, 14, 37, 7, 6, 7, 1, 1,3,1,1,6,7,7
20180902,3,2,1,2,2,2,2,6,11,19,21,28,87, 30, 26, 27, 15, 30, 4, 5, 8, 2, 7,3,2,4,5,7,8
20180830,2,1,3,1,3,2,1,3,14,26,29,33,106, 34, 32, 32, 26, 40, 2, 11, 12, 3, 4,3,2,3,4,11,12
20180828,2,2,2,0,4,2,2,11,14,15,29,33,104, 35, 31, 40, 18, 29, 9, 3, 1, 14, 4,3,1,3,4,9,14
20180826,3,1,2,2,3,1,3,7,8,14,25,32,89, 35, 29, 32, 18, 22, 4, 1, 6, 11, 7,2,1,4,6,7,11
20180823,3,1,2,1,4,1,6,10,11,20,29,32,108, 38, 26, 39, 19, 31, 4, 1, 9, 9, 3,2,1,3,4,9,9
20180821,2,2,2,3,3,0,1,2,17,20,25,28,93, 29, 27, 27, 23, 37, 1, 15, 3, 5, 3,2,1,3,3,5,15
20180819,3,1,2,2,3,1,1,5,9,20,28,32,95, 33, 31, 33, 23, 29, 4, 4, 11, 8, 4,2,4,4,4,8,11
20180816,2,2,2,1,2,3,10,11,12,21,26,33,113, 43, 23, 37, 15, 33, 1, 1, 9, 5, 7,4,1,1,5,7,9
20180814,2,2,2,3,1,2,4,7,16,20,24,30,101, 34, 26, 31, 17, 36, 3, 9, 4, 4, 6,0,3,4,4,6,9
20180812,1,3,2,1,2,3,4,18,20,21,29,33,125, 37, 29, 47, 11, 41, 14, 2, 1, 8, 4,2,1,2,4,8,14
20180809,2,2,2,3,0,3,6,10,16,19,24,33,108, 39, 27, 34, 14, 35, 4, 6, 3, 5, 9,1,3,4,5,6,9
20180807,2,2,2,2,3,1,6,11,13,17,25,32,104, 38, 26, 36, 14, 30, 5, 2, 4, 8, 7,3,2,4,5,7,8
20180805,4,1,1,3,3,0,1,2,4,10,14,23,54, 24, 22, 16, 12, 14, 1, 2, 6, 4, 9,3,1,2,4,6,9
20180802,2,3,1,0,1,5,6,9,12,14,18,27,86, 33, 21, 27, 9, 26, 3, 3, 2, 4, 9,1,2,3,3,4,9
20180731,2,1,3,0,3,3,3,5,12,29,30,32,111, 35, 29, 35, 25, 41, 2, 7, 17, 1, 2,3,1,2,2,7,17
20180729,3,2,1,4,1,1,1,5,10,16,18,31,81, 32, 30, 23, 13, 26, 4, 5, 6, 2, 13,2,2,4,5,6,13
20180726,2,2,2,1,4,1,2,7,17,21,23,26,96, 28, 24, 30, 16, 38, 5, 10, 4, 2, 3,3,2,3,4,5,10
20180724,2,0,4,3,1,2,4,10,25,26,30,33,128, 37, 29, 40, 20, 51, 6, 15, 1, 4, 3,1,1,3,4,6,15
20180722,3,2,1,1,2,3,5,6,8,12,22,24,77, 29, 19, 28, 16, 20, 1, 2, 4, 10, 2,2,1,2,2,4,10
20180719,2,2,2,1,1,4,4,9,18,21,32,33,117, 37, 29, 41, 23, 39, 5, 9, 3, 11, 1,3,1,3,5,9,11
20180717,1,4,1,1,2,3,6,12,14,20,22,24,98, 30, 18, 34, 10, 34, 6, 2, 6, 2, 2,2,2,2,2,6,6
20180715,2,3,1,2,3,1,1,2,12,16,20,26,77, 27, 25, 22, 18, 28, 1, 10, 4, 4, 6,3,1,4,4,6,10
20180712,2,2,2,3,2,1,4,7,13,20,29,33,106, 37, 29, 36, 22, 33, 3, 6, 7, 9, 4,2,3,4,6,7,9
20180710,0,4,2,1,3,2,14,15,17,22,24,29,121, 43, 15, 39, 9, 39, 1, 2, 5, 2, 5,1,1,2,2,5,5
20180708,2,3,1,1,2,3,3,10,14,17,18,30,92, 33, 27, 28, 8, 31, 7, 4, 3, 1, 12,1,1,3,4,7,12
20180705,3,2,1,0,3,3,2,5,9,15,20,24,75, 26, 22, 25, 15, 24, 3, 4, 6, 5, 4,1,3,4,4,5,6
20180703,3,1,2,1,2,3,3,7,8,15,29,30,92, 33, 27, 36, 22, 23, 4, 1, 7, 14, 1,1,1,1,4,7,14
20180701,2,3,1,3,0,3,7,9,12,13,22,24,87, 31, 17, 31, 13, 25, 2, 3, 1, 9, 2,3,1,2,2,3,9
20180628,2,2,2,0,3,3,9,11,14,20,27,30,111, 39, 21, 38, 16, 34, 2, 3, 6, 7, 3,1,2,3,3,6,7
20180626,2,3,1,1,3,2,2,9,14,15,16,23,79, 25, 21, 25, 7, 29, 7, 5, 1, 1, 7,2,1,1,5,7,7
20180624,1,3,2,4,1,1,11,16,19,22,25,30,123, 41, 19, 41, 9, 41, 5, 3, 3, 3, 5,2,3,3,3,5,5
20180621,3,3,0,3,2,1,2,5,6,13,16,19,61, 21, 17, 21, 11, 19, 3, 1, 7, 3, 3,2,1,3,3,3,7
20180619,2,3,1,3,0,3,4,9,15,16,19,27,90, 31, 23, 28, 10, 31, 5, 6, 1, 3, 8,0,1,3,5,6,8
20180617,1,3,2,3,2,1,6,13,17,19,23,31,109, 37, 25, 36, 10, 36, 7, 4, 2, 4, 8,3,2,4,4,7,8
20180614,2,2,2,1,3,2,8,10,17,20,27,30,112, 38, 22, 37, 17, 37, 2, 7, 3, 7, 3,0,2,3,3,7,7
20180612,3,3,0,2,0,4,1,4,9,12,15,18,59, 19, 17, 19, 11, 21, 3, 5, 3, 3, 3,2,3,3,3,3,5
20180610,1,4,1,3,2,1,9,16,17,19,22,26,109, 35, 17, 38, 6, 36, 7, 1, 2, 3, 4,1,1,2,3,4,7
20180607,3,1,2,3,1,2,1,4,6,14,28,33,86, 34, 32, 32, 24, 20, 3, 2, 8, 14, 5,2,2,3,5,8,14
20180605,4,2,0,1,4,1,2,5,10,11,17,21,66, 23, 19, 22, 12, 21, 3, 5, 1, 6, 4,3,1,3,4,5,6
20180603,3,2,1,3,2,1,5,6,10,16,20,25,82, 30, 20, 26, 14, 26, 1, 4, 6, 4, 5,0,1,4,4,5,6
20180531,1,2,3,2,1,3,2,18,19,24,25,33,121, 35, 31, 43, 7, 43, 16, 1, 5, 1, 8,2,1,1,5,8,16
20180529,3,2,1,1,2,3,9,10,11,12,18,23,83, 32, 14, 28, 8, 23, 1, 1, 1, 6, 5,3,1,1,1,5,6
20180527,2,1,3,4,1,1,4,8,13,25,30,31,111, 35, 27, 38, 22, 38, 4, 5, 12, 5, 1,2,1,4,5,5,12
20180524,3,2,1,3,2,1,4,6,8,13,22,32,85, 36, 28, 28, 16, 21, 2, 2, 5, 9, 10,3,2,2,5,9,10
20180522,1,3,2,4,1,1,7,12,13,16,26,31,105, 38, 24, 38, 14, 29, 5, 1, 3, 10, 5,3,1,3,5,5,10
20180520,1,4,1,1,3,2,5,15,17,19,20,30,106, 35, 25, 35, 5, 36, 10, 2, 2, 1, 10,0,1,2,2,10,10
20180517,3,2,1,1,2,3,1,3,6,20,21,26,77, 27, 25, 24, 18, 26, 2, 3, 14, 1, 5,3,1,2,3,5,14
20180515,3,2,1,3,1,2,7,9,10,12,22,26,86, 33, 19, 31, 13, 22, 2, 1, 2, 10, 4,2,1,2,2,4,10
20180513,2,2,2,3,0,3,4,6,18,22,25,33,108, 37, 29, 31, 19, 40, 2, 12, 4, 3, 8,2,2,3,4,8,12
20180510,4,1,1,3,2,1,1,4,10,11,14,27,67, 28, 26, 18, 10, 21, 3, 6, 1, 3, 13,2,1,3,3,6,13
20180508,4,1,1,0,2,4,3,5,6,9,15,32,70, 35, 29, 20, 10, 15, 2, 1, 3, 6, 17,2,1,2,3,6,17
20180506,2,1,3,2,3,1,5,7,20,23,27,31,113, 36, 26, 34, 20, 43, 2, 13, 3, 4, 4,2,2,3,4,4,13
20180503,4,2,0,4,1,1,1,2,4,10,18,19,54, 20, 18, 20, 16, 14, 1, 2, 6, 8, 1,2,1,1,2,6,8
20180501,4,1,1,3,2,1,1,3,4,11,19,23,61, 24, 22, 22, 16, 15, 2, 1, 7, 8, 4,4,1,2,4,7,8
20180429,1,2,3,3,1,2,1,12,20,25,30,31,119, 32, 30, 42, 18, 45, 11, 8, 5, 5, 1,3,1,5,5,8,11
20180426,2,3,1,4,0,2,6,7,12,16,22,25,88, 31, 19, 29, 15, 28, 1, 5, 4, 6, 3,2,1,3,4,5,6
20180424,1,4,1,3,2,1,10,13,14,18,20,31,106, 41, 21, 33, 7, 32, 3, 1, 4, 2, 11,2,1,2,3,4,11
20180422,3,0,3,2,1,3,3,4,6,25,26,30,94, 33, 27, 30, 22, 31, 1, 2, 19, 1, 4,1,1,1,2,4,19
20180419,2,2,2,0,2,4,5,9,12,17,27,30,100, 35, 25, 36, 18, 29, 4, 3, 5, 10, 3,1,3,3,4,5,10
20180417,4,1,1,2,1,3,1,4,6,8,21,24,64, 25, 23, 25, 17, 14, 3, 2, 2, 13, 3,2,2,2,3,3,13
20180415,2,1,3,3,1,2,6,10,21,28,29,31,125, 37, 25, 39, 19, 49, 4, 11, 7, 1, 2,2,1,2,4,7,11
20180412,2,1,3,1,4,1,7,8,20,23,24,32,114, 39, 25, 32, 16, 43, 1, 12, 3, 1, 8,2,1,1,3,8,12
20180410,3,2,1,2,2,2,1,3,8,13,18,23,66, 24, 22, 21, 15, 21, 2, 5, 5, 5, 5,4,2,5,5,5,5
20180408,1,3,2,1,3,2,8,12,18,19,23,32,112, 40, 24, 35, 11, 37, 4, 6, 1, 4, 9,3,1,4,4,6,9
20180405,0,1,5,2,2,2,15,23,24,25,28,29,144, 44, 14, 51, 5, 49, 8, 1, 1, 3, 1,1,1,1,1,3,8
20180403,4,0,2,2,1,3,1,6,7,8,27,30,79, 31, 29, 33, 21, 15, 5, 1, 1, 19, 3,1,1,1,3,5,19
20180401,1,1,4,1,3,2,8,17,24,26,28,33,136, 41, 25, 45, 11, 50, 9, 7, 2, 2, 5,1,2,2,5,7,9
20180329,3,1,2,3,3,0,7,10,11,17,23,28,96, 35, 21, 33, 13, 28, 3, 1, 6, 6, 5,2,1,3,5,6,6
20180327,3,1,2,2,4,0,1,5,11,22,23,26,88, 27, 25, 28, 18, 33, 4, 6, 11, 1, 3,4,1,3,4,6,11
20180325,1,3,2,4,1,1,4,19,20,22,28,33,126, 37, 29, 47, 9, 42, 15, 1, 2, 6, 5,2,1,2,5,6,15
20180322,0,2,4,2,2,2,21,22,23,24,25,32,147, 53, 11, 47, 3, 47, 1, 1, 1, 1, 7,4,1,1,1,1,7
20180320,1,3,2,2,1,3,2,16,18,19,27,30,112, 32, 28, 43, 11, 37, 14, 2, 1, 8, 3,1,1,2,3,8,14
20180318,0,4,2,2,2,2,13,14,20,21,25,33,126, 46, 20, 39, 11, 41, 1, 6, 1, 4, 8,3,1,1,4,6,8
20180315,3,2,1,3,2,1,1,2,9,14,22,25,73, 26, 24, 24, 20, 23, 1, 7, 5, 8, 3,3,1,3,5,7,8
20180313,3,2,1,0,4,2,3,8,11,14,18,23,77, 26, 20, 26, 10, 25, 5, 3, 3, 4, 5,3,3,3,4,5,5
20180311,3,2,1,2,2,2,2,7,9,14,18,28,78, 30, 26, 25, 11, 23, 5, 2, 5, 4, 10,1,2,4,5,5,10
20180308,2,2,2,2,3,1,4,7,12,14,26,32,95, 36, 28, 33, 19, 26, 3, 5, 2, 12, 6,2,2,3,5,6,12
20180306,1,4,1,5,0,1,4,13,16,19,21,25,98, 29, 21, 34, 8, 35, 9, 3, 3, 2, 4,2,2,3,3,4,9
20180304,1,2,3,3,3,0,11,19,22,26,31,32,141, 43, 21, 50, 12, 48, 8, 3, 4, 5, 1,4,1,3,4,5,8
20180301,0,4,2,1,2,3,12,15,16,21,26,29,119, 41, 17, 41, 11, 37, 3, 1, 5, 5, 3,2,1,3,3,5,5
20180227,1,4,1,3,2,1,7,14,19,21,22,23,106, 30, 16, 36, 8, 40, 7, 5, 2, 1, 1,3,1,1,2,5,7
20180225,4,0,2,2,2,2,3,4,6,11,23,28,75, 31, 25, 27, 19, 17, 1, 2, 5, 12, 5,3,1,2,5,5,12
20180222,3,1,2,2,1,3,6,9,10,14,28,30,97, 36, 24, 37, 19, 24, 3, 1, 4, 14, 2,0,1,2,3,4,14
20180213,2,3,1,1,2,3,3,11,12,16,21,23,86, 26, 20, 32, 10, 28, 8, 1, 4, 5, 2,5,1,2,4,5,8
20180211,1,3,2,2,1,3,2,12,13,18,25,27,97, 29, 25, 37, 13, 31, 10, 1, 5, 7, 2,3,1,2,5,7,10
20180208,3,0,3,0,3,3,3,6,11,26,30,32,108, 35, 29, 36, 24, 37, 3, 5, 15, 4, 2,3,2,3,4,5,15
20180206,2,2,2,2,1,3,1,11,12,18,25,27,94, 28, 26, 36, 14, 30, 10, 1, 6, 7, 2,3,1,2,6,7,10
20180204,1,3,2,0,3,3,11,15,20,21,26,33,126, 44, 22, 41, 11, 41, 4, 5, 1, 5, 7,3,1,4,5,5,7
20180201,1,2,3,2,1,3,9,12,20,24,28,31,124, 40, 22, 40, 16, 44, 3, 8, 4, 4, 3,2,3,3,4,4,8
20180130,2,3,1,2,1,3,6,8,13,15,22,33,97, 39, 27, 30, 14, 28, 2, 5, 2, 7, 11,3,2,2,5,7,11
20180128,1,3,2,3,2,1,11,12,13,19,26,28,109, 39, 17, 38, 14, 32, 1, 1, 6, 7, 2,3,1,1,2,6,7
20180125,2,1,3,1,1,4,3,10,21,23,27,33,117, 36, 30, 37, 17, 44, 7, 11, 2, 4, 6,4,2,4,6,7,11
20180123,2,4,0,2,3,1,1,8,17,20,21,22,89, 23, 21, 29, 13, 37, 7, 9, 3, 1, 1,3,1,1,3,7,9
20180121,2,1,3,1,5,0,5,10,17,23,26,32,113, 37, 27, 36, 16, 40, 5, 7, 6, 3, 6,2,3,5,6,6,7
20180118,3,3,0,2,2,2,5,9,10,12,17,19,72, 24, 14, 26, 8, 22, 4, 1, 2, 5, 2,1,1,2,2,4,5
20180116,0,3,3,3,2,1,13,14,20,25,27,31,130, 44, 18, 41, 13, 45, 1, 6, 5, 2, 4,2,1,2,4,5,6
20180114,4,1,1,1,4,1,2,7,8,9,17,29,72, 31, 27, 24, 10, 17, 5, 1, 1, 8, 12,1,1,1,5,8,12
20180111,1,2,3,2,2,2,2,20,21,28,31,33,135, 35, 31, 51, 11, 49, 18, 1, 7, 3, 2,4,1,2,3,7,18
20180109,0,3,3,2,2,2,14,18,19,26,30,31,138, 45, 17, 48, 12, 45, 4, 1, 7, 4, 1,1,1,1,4,4,7
20180107,1,4,1,3,3,0,1,14,16,17,20,31,99, 32, 30, 34, 6, 33, 13, 2, 1, 3, 11,2,1,2,3,11,13
20180104,1,1,4,2,1,3,7,18,24,29,31,33,142, 40, 26, 49, 13, 53, 11, 6, 5, 2, 2,2,2,2,5,6,11
20180102,3,0,3,3,3,0,1,8,11,26,28,31,105, 32, 30, 36, 20, 37, 7, 3, 15, 2, 3,3,2,3,3,7,15
20171231,2,3,1,1,2,3,5,9,13,15,18,26,86, 31, 21, 27, 9, 28, 4, 4, 2, 3, 8,1,2,3,4,4,8
20171228,2,4,0,3,1,2,7,11,12,13,18,19,80, 26, 12, 29, 7, 25, 4, 1, 1, 5, 1,3,1,1,1,4,5
20171226,2,0,4,2,3,1,6,10,23,25,26,29,119, 35, 23, 36, 16, 48, 4, 13, 2, 1, 3,1,1,2,3,4,13
20171224,5,0,1,1,3,2,2,5,7,9,11,27,61, 29, 25, 16, 6, 16, 3, 2, 2, 2, 16,2,2,2,2,3,16
20171221,1,4,1,1,3,2,6,14,19,20,21,23,103, 29, 17, 35, 7, 39, 8, 5, 1, 1, 2,2,1,1,2,5,8
20171219,2,2,2,0,3,3,5,8,15,20,27,30,105, 35, 25, 35, 19, 35, 3, 7, 5, 7, 3,0,3,3,5,7,7
20171217,3,1,2,2,4,0,4,7,11,14,29,32,97, 36, 28, 36, 22, 25, 3, 4, 3, 15, 3,2,3,3,3,4,15
20171214,2,2,2,3,1,2,3,7,20,21,25,31,107, 34, 28, 32, 18, 41, 4, 13, 1, 4, 6,3,1,4,4,6,13
20171212,1,1,4,3,1,2,1,19,25,26,27,33,131, 34, 32, 46, 8, 51, 18, 6, 1, 1, 6,2,1,1,6,6,18
20171210,2,2,2,2,2,2,2,6,12,17,25,28,90, 30, 26, 31, 19, 29, 4, 6, 5, 8, 3,2,3,4,5,6,8
20171207,1,3,2,2,3,1,3,14,16,20,31,32,116, 35, 29, 45, 17, 36, 11, 2, 4, 11, 1,3,1,2,4,11,11
20171205,3,2,1,1,3,2,4,6,9,14,20,29,82, 33, 25, 26, 14, 23, 2, 3, 5, 6, 9,0,2,3,5,6,9
20171203,1,3,2,1,3,2,8,13,14,18,23,33,109, 41, 25, 36, 10, 32, 5, 1, 4, 5, 10,3,1,4,5,5,10
20171130,4,2,0,3,1,2,1,6,7,11,13,15,53, 16, 14, 19, 7, 18, 5, 1, 4, 2, 2,3,1,2,2,4,5
20171128,0,2,4,3,1,2,21,22,25,28,29,30,155, 51, 9, 51, 7, 53, 1, 3, 3, 1, 1,2,1,1,1,3,3
20171126,1,2,3,1,4,1,2,14,20,24,28,32,120, 34, 30, 42, 14, 44, 12, 6, 4, 4, 4,2,4,4,4,6,12
20171123,1,1,4,2,2,2,1,17,24,28,32,33,135, 34, 32, 49, 15, 52, 16, 7, 4, 4, 1,3,1,4,4,7,16
20171121,2,1,3,2,4,0,5,10,20,23,26,31,115, 36, 26, 36, 16, 43, 5, 10, 3, 3, 5,2,3,3,5,5,10
20171119,3,2,1,2,0,4,3,7,10,18,21,24,83, 27, 21, 28, 14, 28, 4, 3, 8, 3, 3,2,3,3,3,4,8
20171116,3,2,1,2,2,2,1,6,7,14,18,26,72, 27, 25, 24, 12, 21, 5, 1, 7, 4, 8,1,1,4,5,7,8
20171114,3,1,2,2,4,0,4,5,11,14,28,32,94, 36, 28, 33, 23, 25, 1, 6, 3, 14, 4,2,1,3,4,6,14
20171112,1,3,2,0,2,4,6,15,17,18,23,30,109, 36, 24, 38, 8, 35, 9, 2, 1, 5, 7,1,1,2,5,7,9
20171109,4,1,1,2,2,2,2,3,5,9,13,28,60, 30, 26, 16, 10, 14, 1, 2, 4, 4, 15,3,1,2,4,4,15
20171107,4,0,2,3,2,1,1,7,10,11,26,27,82, 28, 26, 33, 19, 21, 6, 3, 1, 15, 1,2,1,1,3,6,15
20171105,1,2,3,3,3,0,5,13,14,23,25,31,111, 36, 26, 38, 12, 37, 8, 1, 9, 2, 6,3,1,2,6,8,9
20171102,3,2,1,0,2,4,5,6,9,14,21,33,88, 38, 28, 27, 15, 23, 1, 3, 5, 7, 12,2,1,3,5,7,12
20171031,2,2,2,3,2,1,2,6,13,22,29,31,103, 33, 29, 35, 23, 35, 4, 7, 9, 7, 2,4,2,4,7,7,9
20171029,0,3,3,0,2,4,14,15,21,24,27,32,133, 46, 18, 42, 12, 45, 1, 6, 3, 3, 5,2,1,3,3,5,6
20171026,1,3,2,2,1,3,1,16,17,21,27,30,112, 31, 29, 43, 11, 38, 15, 1, 4, 6, 3,2,1,3,4,6,15
20171024,1,1,4,2,3,1,1,14,23,25,29,30,122, 31, 29, 43, 15, 48, 13, 9, 2, 4, 1,2,1,2,4,9,13
20171022,3,0,3,1,4,1,2,6,11,26,28,29,102, 31, 27, 34, 22, 37, 4, 5, 15, 2, 1,2,1,2,4,5,15
20171019,4,1,1,2,2,2,4,5,6,11,21,31,78, 35, 27, 26, 16, 17, 1, 1, 5, 10, 10,3,1,1,5,10,10
20171017,1,3,2,1,2,3,11,20,21,22,24,27,125, 38, 16, 44, 4, 43, 9, 1, 1, 2, 3,3,1,1,2,3,9
20171015,1,3,2,2,2,2,11,18,19,22,24,32,126, 43, 21, 42, 6, 41, 7, 1, 3, 2, 8,3,1,2,3,7,8
20171012,2,2,2,3,2,1,8,10,15,19,23,28,103, 36, 20, 33, 13, 34, 2, 5, 4, 4, 5,1,2,4,4,5,5
20171010,1,2,3,3,1,2,9,16,21,25,26,31,128, 40, 22, 42, 10, 46, 7, 5, 4, 1, 5,2,1,4,5,5,7
20171008,2,2,2,1,1,4,8,9,15,22,30,33,117, 41, 25, 39, 21, 37, 1, 6, 7, 8, 3,2,1,3,6,7,8
20171005,4,2,0,1,4,1,1,2,8,11,14,21,57, 22, 20, 16, 12, 19, 1, 6, 3, 3, 7,4,1,3,3,6,7
20171003,1,3,2,1,4,1,2,14,20,22,30,32,120, 34, 30, 44, 16, 42, 12, 6, 2, 8, 2,3,2,2,6,8,12
20171001,3,0,3,4,1,1,4,10,11,25,30,31,111, 35, 27, 40, 20, 36, 6, 1, 14, 5, 1,2,1,1,5,6,14
20170928,1,4,1,1,1,4,6,12,13,15,18,26,90, 32, 20, 30, 6, 28, 6, 1, 2, 3, 8,2,1,2,3,6,8
20170926,2,1,3,2,1,3,4,6,16,27,29,33,115, 37, 29, 35, 23, 43, 2, 10, 11, 2, 4,1,2,2,4,10,11
20170924,2,3,1,3,2,1,3,10,14,16,22,23,88, 26, 20, 32, 12, 30, 7, 4, 2, 6, 1,3,1,2,4,6,7
20170921,2,2,2,2,4,0,5,10,17,19,29,32,112, 37, 27, 39, 19, 36, 5, 7, 2, 10, 3,1,2,3,5,7,10
20170919,2,3,1,2,1,3,1,3,12,15,19,23,73, 24, 22, 22, 16, 27, 2, 9, 3, 4, 4,4,2,3,4,4,9
20170917,1,4,1,1,3,2,8,14,16,18,21,23,100, 31, 15, 35, 7, 34, 6, 2, 2, 3, 2,2,2,2,2,3,6
20170914,1,5,0,1,3,2,7,12,14,15,17,20,85, 27, 13, 29, 5, 29, 5, 2, 1, 2, 3,1,1,2,2,3,5
20170912,2,2,2,0,3,3,8,9,15,17,30,32,111, 40, 24, 39, 21, 32, 1, 6, 2, 13, 2,1,1,2,2,6,13
20170910,0,3,3,2,1,3,12,15,20,25,27,31,130, 43, 19, 42, 12, 45, 3, 5, 5, 2, 4,2,2,3,4,5,5
20170907,3,1,2,2,1,3,3,6,7,12,25,26,79, 29, 23, 31, 19, 19, 3, 1, 5, 13, 1,2,1,1,3,5,13
20170905,1,3,2,1,3,2,1,14,15,20,23,30,103, 31, 29, 37, 9, 35, 13, 1, 5, 3, 7,2,1,3,5,7,13
20170903,1,1,4,3,1,2,1,21,23,25,31,33,134, 34, 32, 52, 10, 48, 20, 2, 2, 6, 2,5,2,2,2,6,20
20170831,3,3,0,2,3,1,4,8,10,14,18,20,74, 24, 16, 26, 10, 24, 4, 2, 4, 4, 2,0,2,2,4,4,4
20170829,3,0,3,4,2,0,1,4,11,28,31,32,107, 33, 31, 35, 27, 39, 3, 7, 17, 3, 1,4,1,3,3,7,17
20170827,3,1,2,2,2,2,4,7,8,18,23,24,84, 28, 20, 30, 16, 26, 3, 1, 10, 5, 1,1,1,1,3,5,10
20170824,3,1,2,2,3,1,2,5,6,16,28,29,86, 31, 27, 33, 23, 22, 3, 1, 10, 12, 1,1,1,1,3,10,12
20170822,1,2,3,3,0,3,4,19,22,27,30,33,135, 37, 29, 49, 11, 49, 15, 3, 5, 3, 3,2,3,3,3,5,15
20170820,2,2,2,3,1,2,5,10,18,19,30,31,113, 36, 26, 40, 20, 37, 5, 8, 1, 11, 1,1,1,1,5,8,11
20170817,3,2,1,1,3,2,2,6,11,12,19,29,79, 31, 27, 25, 13, 23, 4, 5, 1, 7, 10,3,1,4,5,7,10
20170815,2,3,1,3,1,2,9,10,12,19,22,29,101, 38, 20, 32, 12, 31, 1, 2, 7, 3, 7,2,1,2,3,7,7
20170813,2,2,2,4,2,0,8,11,13,19,28,31,110, 39, 23, 39, 17, 32, 3, 2, 6, 9, 3,3,2,3,3,6,9
20170810,3,2,1,2,1,3,7,8,9,15,22,27,88, 34, 20, 30, 14, 24, 1, 1, 6, 7, 5,1,1,1,5,6,7
20170808,1,2,3,2,2,2,10,18,19,29,32,33,141, 43, 23, 50, 14, 48, 8, 1, 10, 3, 1,2,1,1,3,8,10
20170806,3,0,3,3,3,0,5,7,10,23,28,29,102, 34, 24, 35, 21, 33, 2, 3, 13, 5, 1,1,1,2,3,5,13
20170803,3,2,1,5,0,1,1,7,10,16,22,33,89, 34, 32, 29, 15, 26, 6, 3, 6, 6, 11,3,3,6,6,6,11
20170801,1,3,2,3,2,1,11,12,13,16,23,25,100, 36, 14, 35, 11, 29, 1, 1, 3, 7, 2,4,1,1,2,3,7
20170730,2,2,2,2,2,2,7,9,18,22,23,29,108, 36, 22, 32, 14, 40, 2, 9, 4, 1, 6,2,1,2,4,6,9
20170727,2,3,1,3,1,2,3,6,13,14,19,28,83, 31, 25, 25, 13, 27, 3, 7, 1, 5, 9,2,1,3,5,7,9
20170725,3,3,0,2,2,2,3,5,6,13,20,22,69, 25, 19, 25, 15, 19, 2, 1, 7, 7, 2,3,1,2,2,7,7
20170723,3,1,2,3,1,2,1,5,6,16,25,30,83, 31, 29, 30, 20, 22, 4, 1, 10, 9, 5,1,1,4,5,9,10
20170720,3,2,1,2,3,1,1,5,11,20,22,24,83, 25, 23, 27, 17, 31, 4, 6, 9, 2, 2,3,2,2,4,6,9
20170718,2,2,2,0,4,2,3,8,14,20,24,26,95, 29, 23, 32, 16, 34, 5, 6, 6, 4, 2,1,2,4,5,6,6
20170716,0,3,3,2,2,2,14,18,21,25,28,29,135, 43, 15, 46, 10, 46, 4, 3, 4, 3, 1,1,1,3,3,4,4
20170713,2,1,3,1,3,2,3,5,14,25,26,30,103, 33, 27, 31, 21, 39, 2, 9, 11, 1, 4,1,1,2,4,9,11
20170711,1,4,1,3,1,2,1,12,16,20,22,24,95, 25, 23, 34, 10, 36, 11, 4, 4, 2, 2,3,2,2,4,4,11
20170709,2,1,3,2,2,2,3,7,14,23,25,27,99, 30, 24, 32, 18, 37, 4, 7, 9, 2, 2,2,2,2,4,7,9
20170706,2,3,1,3,1,2,5,7,18,19,22,24,95, 29, 19, 29, 15, 37, 2, 11, 1, 3, 2,1,1,2,2,3,11
20170704,3,3,0,3,2,1,1,2,4,15,17,22,61, 23, 21, 19, 15, 19, 1, 2, 11, 2, 5,3,1,2,2,5,11
20170702,4,2,0,2,2,2,1,4,8,9,14,15,51, 16, 14, 18, 10, 17, 3, 4, 1, 5, 1,1,1,1,3,4,5
20170629,3,2,1,2,1,3,1,3,6,19,21,29,79, 30, 28, 24, 18, 25, 2, 3, 13, 2, 8,3,2,2,3,8,13
20170627,2,1,3,2,2,2,2,6,16,23,30,31,108, 33, 29, 36, 24, 39, 4, 10, 7, 7, 1,3,1,4,7,7,10
20170625,2,1,3,1,2,3,3,6,16,23,26,30,104, 33, 27, 32, 20, 39, 3, 10, 7, 3, 4,2,3,3,4,7,10
20170622,2,1,3,0,4,2,6,11,14,23,26,30,110, 36, 24, 37, 15, 37, 5, 3, 9, 3, 4,2,3,3,4,5,9
20170620,3,1,2,1,3,2,2,3,6,14,31,32,88, 34, 30, 34, 28, 20, 1, 3, 8, 17, 1,4,1,1,3,8,17
20170618,2,2,2,3,2,1,1,6,14,22,25,26,94, 27, 25, 31, 19, 36, 5, 8, 8, 3, 1,2,1,3,5,8,8
20170615,2,1,3,1,4,1,2,11,12,23,29,31,108, 33, 29, 40, 18, 35, 9, 1, 11, 6, 2,5,1,2,6,9,11
20170613,3,1,2,3,1,2,2,6,10,22,30,31,101, 33, 29, 36, 24, 32, 4, 4, 12, 8, 1,3,1,4,4,8,12
20170611,4,1,1,3,1,2,1,3,4,10,18,29,65, 30, 28, 21, 15, 14, 2, 1, 6, 8, 11,2,1,2,6,8,11
20170608,3,2,1,3,2,1,1,4,6,17,19,26,73, 27, 25, 23, 15, 23, 3, 2, 11, 2, 7,1,2,2,3,7,11
20170606,4,2,0,1,3,2,2,5,8,10,12,21,58, 23, 19, 17, 7, 18, 3, 3, 2, 2, 9,3,2,2,3,3,9
20170604,2,2,2,4,1,1,2,10,16,22,24,28,102, 30, 26, 34, 14, 38, 8, 6, 6, 2, 4,2,2,4,6,6,8
20170601,0,4,2,4,1,1,12,16,20,22,25,31,126, 43, 19, 41, 9, 42, 4, 4, 2, 3, 6,3,2,3,4,4,6
20170530,2,1,3,4,1,1,1,7,22,24,26,31,111, 32, 30, 33, 19, 46, 6, 15, 2, 2, 5,3,2,2,5,6,15
20170528,2,2,2,1,2,3,6,7,12,20,26,27,98, 33, 21, 33, 19, 32, 1, 5, 8, 6, 1,1,1,1,5,6,8
20170525,2,1,3,3,2,1,5,10,13,24,26,31,109, 36, 26, 36, 16, 37, 5, 3, 11, 2, 5,2,2,3,5,5,11
20170523,3,2,1,3,1,2,4,8,9,15,19,25,80, 29, 21, 27, 11, 24, 4, 1, 6, 4, 6,0,1,4,4,6,6
20170521,2,2,2,4,1,1,1,9,13,22,28,32,105, 33, 31, 37, 19, 35, 8, 4, 9, 6, 4,4,4,4,6,8,9
20170518,0,3,3,2,2,2,18,20,22,23,30,31,144, 49, 13, 50, 10, 45, 2, 2, 1, 7, 1,3,1,1,2,2,7
20170516,0,5,1,3,1,2,13,14,18,19,21,28,113, 41, 15, 35, 7, 37, 1, 4, 1, 2, 7,2,1,1,2,4,7
20170514,1,3,2,3,1,2,7,12,13,20,24,31,107, 38, 24, 36, 12, 33, 5, 1, 7, 4, 7,3,1,4,5,7,7
20170511,3,0,3,1,2,3,2,3,9,23,28,33,98, 35, 31, 31, 25, 32, 1, 6, 14, 5, 5,4,1,5,5,6,14
20170509,3,1,2,2,2,2,4,9,11,15,29,31,99, 35, 27, 38, 20, 26, 5, 2, 4, 14, 2,2,2,2,4,5,14
20170507,2,1,3,2,2,2,7,8,18,24,29,31,117, 38, 24, 37, 21, 42, 1, 10, 6, 5, 2,1,1,2,5,6,10
20170504,3,1,2,1,2,3,2,5,9,15,24,25,80, 27, 23, 29, 19, 24, 3, 4, 6, 9, 1,1,1,3,4,6,9
20170502,1,2,3,1,2,3,10,12,20,24,27,29,122, 39, 19, 39, 15, 44, 2, 8, 4, 3, 2,1,2,2,3,4,8
20170430,2,3,1,1,4,1,1,8,14,15,20,29,87, 30, 28, 28, 12, 29, 7, 6, 1, 5, 9,1,1,5,6,7,9
20170427,3,3,0,1,3,2,5,8,9,14,15,19,70, 24, 14, 23, 7, 23, 3, 1, 5, 1, 4,0,1,1,3,4,5
20170425,4,0,2,1,4,1,2,5,8,10,32,33,90, 35, 31, 37, 27, 18, 3, 3, 2, 22, 1,3,1,2,3,3,22
20170423,1,2,3,2,4,0,4,13,14,23,26,32,112, 36, 28, 39, 13, 37, 9, 1, 9, 3, 6,3,1,3,6,9,9
20170420,2,3,1,3,2,1,5,7,16,20,21,25,94, 30, 20, 28, 14, 36, 2, 9, 4, 1, 4,1,1,2,4,4,9
20170418,1,3,2,3,2,1,8,16,19,21,31,32,127, 40, 24, 47, 15, 40, 8, 3, 2, 10, 1,3,1,2,3,8,10
20170416,1,2,3,3,2,1,8,13,16,23,27,31,118, 39, 23, 40, 14, 39, 5, 3, 7, 4, 4,3,3,4,4,5,7
20170413,5,0,1,4,2,0,1,2,4,7,10,23,47, 24, 22, 12, 8, 11, 1, 2, 3, 3, 13,3,1,2,3,3,13
20170411,2,3,1,4,0,2,4,10,13,15,22,27,91, 31, 23, 32, 12, 28, 6, 3, 2, 7, 5,2,2,3,5,6,7
20170409,0,2,4,2,2,2,15,19,23,28,29,33,147, 48, 18, 48, 10, 51, 4, 4, 5, 1, 4,2,1,4,4,4,5
20170406,2,3,1,1,3,2,2,4,12,14,17,24,73, 26, 22, 21, 13, 26, 2, 8, 2, 3, 7,2,2,2,3,7,8
20170404,3,1,2,3,1,2,1,4,8,13,24,27,77, 28, 26, 28, 20, 21, 3, 4, 5, 11, 3,2,3,3,4,5,11
20170402,1,3,2,2,2,2,11,15,20,22,25,30,123, 41, 19, 40, 10, 42, 4, 5, 2, 3, 5,2,2,3,4,5,5
20170330,4,0,2,2,2,2,1,2,5,10,24,27,69, 28, 26, 26, 22, 15, 1, 3, 5, 14, 3,2,1,3,3,5,14
20170328,2,1,3,2,2,2,1,6,14,24,28,32,105, 33, 31, 34, 22, 38, 5, 8, 10, 4, 4,2,4,4,5,8,10
20170326,3,1,2,3,2,1,4,7,8,19,32,33,103, 37, 29, 39, 25, 27, 3, 1, 11, 13, 1,2,1,1,3,11,13
20170323,2,2,2,1,3,2,5,7,15,20,23,30,100, 35, 25, 30, 16, 35, 2, 8, 5, 3, 7,1,2,3,5,7,8
20170321,2,1,3,1,2,3,5,8,15,24,27,31,110, 36, 26, 35, 19, 39, 3, 7, 9, 3, 4,1,3,3,4,7,9
20170319,2,1,3,2,2,2,6,10,16,26,27,29,114, 35, 23, 37, 17, 42, 4, 6, 10, 1, 2,0,1,2,4,6,10
20170316,3,1,2,2,2,2,1,7,9,20,23,30,90, 31, 29, 30, 16, 29, 6, 2, 11, 3, 7,2,2,3,6,7,11
20170314,1,2,3,1,2,3,2,15,21,23,25,30,116, 32, 28, 40, 10, 44, 13, 6, 2, 2, 5,3,2,2,5,6,13
20170312,2,3,1,3,1,2,7,8,12,13,22,30,92, 37, 23, 30, 14, 25, 1, 4, 1, 9, 8,3,1,1,4,8,9
20170309,3,1,2,1,3,2,2,4,11,14,27,30,88, 32, 28, 31, 23, 25, 2, 7, 3, 13, 3,2,2,3,3,7,13
20170307,2,2,2,2,0,4,3,10,12,19,27,30,101, 33, 27, 37, 17, 31, 7, 2, 7, 8, 3,2,2,3,7,7,8
20170305,1,4,1,2,3,1,2,15,16,17,22,32,104, 34, 30, 37, 7, 33, 13, 1, 1, 5, 10,3,1,1,5,10,13
20170302,1,1,4,2,2,2,9,21,25,26,29,31,141, 40, 22, 50, 8, 51, 12, 4, 1, 3, 2,2,1,2,3,4,12
20170228,4,2,0,3,1,2,1,3,4,11,18,22,59, 23, 21, 21, 15, 15, 2, 1, 7, 7, 4,4,1,2,4,7,7
20170226,2,3,1,1,2,3,2,6,15,16,18,32,89, 34, 30, 24, 12, 31, 4, 9, 1, 2, 14,2,1,2,4,9,14
20170223,3,1,2,2,3,1,2,5,10,22,32,33,104, 35, 31, 37, 27, 32, 3, 5, 12, 10, 1,4,1,3,5,10,12
20170221,3,1,2,3,1,2,4,8,10,12,31,33,98, 37, 29, 39, 23, 22, 4, 2, 2, 19, 2,3,2,2,2,4,19
20170219,3,1,2,2,2,2,4,6,8,12,23,25,78, 29, 21, 29, 17, 20, 2, 2, 4, 11, 2,2,2,2,2,4,11
20170216,3,1,2,3,2,1,1,2,3,17,25,31,79, 32, 30, 27, 23, 20, 1, 1, 14, 8, 6,4,1,1,6,8,14
20170214,4,1,1,3,2,1,3,7,8,10,22,23,73, 26, 20, 29, 15, 18, 4, 1, 2, 12, 1,3,1,1,2,4,12
20170212,2,2,2,2,3,1,5,8,16,22,27,29,107, 34, 24, 35, 19, 38, 3, 8, 6, 5, 2,1,2,3,5,6,8
20170209,3,2,1,1,4,1,1,8,9,14,17,32,81, 33, 31, 25, 9, 23, 7, 1, 5, 3, 15,2,1,3,5,7,15
20170207,2,2,2,1,3,2,6,8,18,20,23,31,106, 37, 25, 31, 15, 38, 2, 10, 2, 3, 8,2,2,2,3,8,10
20170205,2,0,4,2,3,1,8,11,28,29,31,33,140, 41, 25, 42, 20, 57, 3, 17, 1, 2, 2,3,1,2,2,3,17
20170126,2,3,1,2,2,2,10,11,14,15,16,24,90, 34, 14, 27, 5, 29, 1, 3, 1, 1, 8,1,1,1,1,3,8
20170124,2,1,3,1,4,1,10,11,12,23,26,29,111, 39, 19, 37, 15, 35, 1, 1, 11, 3, 3,3,1,1,3,3,11
20170122,2,1,3,3,2,1,5,8,19,25,28,30,115, 35, 25, 36, 20, 44, 3, 11, 6, 3, 2,0,2,3,3,6,11
20170119,4,1,1,0,3,3,2,6,8,9,15,29,69, 31, 27, 21, 9, 17, 4, 2, 1, 6, 14,1,1,2,4,6,14
20170117,1,2,3,3,1,2,7,13,15,27,28,29,119, 36, 22, 41, 15, 42, 6, 2, 12, 1, 1,1,1,1,2,6,12
20170115,3,0,3,1,3,2,2,4,5,24,26,33,94, 35, 31, 30, 22, 29, 2, 1, 19, 2, 7,2,1,2,2,7,19
20170112,3,0,3,1,4,1,2,4,8,26,29,33,102, 35, 31, 33, 25, 34, 2, 4, 18, 3, 4,2,2,3,4,4,18
20170110,2,2,2,1,2,3,6,11,12,22,23,30,104, 36, 24, 34, 12, 34, 5, 1, 10, 1, 7,4,1,1,5,7,10
20170108,1,2,3,1,3,2,5,13,17,26,27,30,118, 35, 25, 40, 14, 43, 8, 4, 9, 1, 3,1,1,3,4,8,9
20170105,3,1,2,2,2,2,1,4,8,15,27,32,87, 33, 31, 31, 23, 23, 3, 4, 7, 12, 5,2,3,4,5,7,12
20170103,0,2,4,2,2,2,15,19,23,24,25,32,138, 47, 17, 44, 6, 47, 4, 4, 1, 1, 7,2,1,1,4,4,7
20170101,2,2,2,1,4,1,9,11,14,20,25,26,105, 35, 17, 36, 14, 34, 2, 3, 6, 5, 1,1,1,2,3,5,6
20161229,2,1,3,3,1,2,7,9,16,24,25,29,110, 36, 22, 34, 16, 40, 2, 7, 8, 1, 4,0,1,2,4,7,8
20161227,3,3,0,2,3,1,2,8,9,16,20,22,77, 24, 20, 28, 12, 25, 6, 1, 7, 4, 2,2,1,2,4,6,7
20161225,2,3,1,2,2,2,6,11,16,20,22,33,108, 39, 27, 33, 11, 36, 5, 5, 4, 2, 11,3,2,4,5,5,11
20161222,4,2,0,2,2,2,2,4,5,9,13,21,54, 23, 19, 17, 9, 14, 2, 1, 4, 4, 8,3,1,2,4,4,8
20161220,1,1,4,0,4,2,3,20,23,26,32,33,137, 36, 30, 52, 12, 49, 17, 3, 3, 6, 1,4,1,3,3,6,17
20161218,3,1,2,1,4,1,1,2,11,20,26,30,90, 31, 29, 28, 24, 31, 1, 9, 9, 6, 4,3,1,4,6,9,9
20161215,1,2,3,3,2,1,4,14,18,28,31,32,127, 36, 28, 45, 17, 46, 10, 4, 10, 3, 1,2,1,3,4,10,10
20161213,2,3,1,2,2,2,3,7,15,16,17,23,81, 26, 20, 24, 10, 31, 4, 8, 1, 1, 6,2,1,1,4,6,8
20161211,3,3,0,3,1,2,1,3,7,12,19,20,62, 21, 19, 22, 16, 19, 2, 4, 5, 7, 1,3,1,2,4,5,7
20161208,2,1,3,2,1,3,4,10,12,27,32,33,118, 37, 29, 42, 22, 39, 6, 2, 15, 5, 1,3,1,2,5,6,15
20161206,2,0,4,1,1,4,6,9,23,24,25,33,120, 39, 27, 34, 16, 47, 3, 14, 1, 1, 8,2,1,1,3,8,14
20161204,2,2,2,2,2,2,1,10,17,21,23,30,102, 31, 29, 33, 13, 38, 9, 7, 4, 2, 7,3,2,4,7,7,9
20161201,1,4,1,2,1,3,4,13,15,17,21,24,94, 28, 20, 34, 8, 32, 9, 2, 2, 4, 3,2,2,2,3,4,9
20161129,3,1,2,1,5,0,1,2,5,17,26,32,83, 33, 31, 28, 24, 22, 1, 3, 12, 9, 6,3,1,3,6,9,12
20161127,2,1,3,3,1,2,1,6,19,26,28,30,110, 31, 29, 34, 22, 45, 5, 13, 7, 2, 2,1,2,2,5,7,13
20161124,1,2,3,3,1,2,7,16,20,24,25,30,122, 37, 23, 41, 9, 44, 9, 4, 4, 1, 5,0,1,4,4,5,9
20161122,4,1,1,2,1,3,1,6,9,10,15,32,73, 33, 31, 21, 9, 19, 5, 3, 1, 5, 17,2,1,3,5,5,17
20161120,3,1,2,2,3,1,2,7,10,20,27,29,95, 31, 27, 34, 20, 30, 5, 3, 10, 7, 2,1,2,3,5,7,10
20161117,3,2,1,1,3,2,2,8,10,18,20,33,91, 35, 31, 28, 12, 28, 6, 2, 8, 2, 13,2,2,2,6,8,13
20161115,1,4,1,1,2,3,11,12,13,14,18,33,101, 44, 22, 30, 6, 27, 1, 1, 1, 4, 15,4,1,1,1,4,15
20161113,0,4,2,2,0,4,15,16,21,22,27,33,134, 48, 18, 43, 11, 43, 1, 5, 1, 5, 6,3,1,1,5,5,6
20161110,2,2,2,3,2,1,5,8,13,19,27,28,100, 33, 23, 35, 19, 32, 3, 5, 6, 8, 1,1,1,3,5,6,8
20161108,2,2,2,4,0,2,4,10,18,19,25,27,103, 31, 23, 35, 15, 37, 6, 8, 1, 6, 2,0,1,2,6,6,8
20161106,1,2,3,1,2,3,3,17,21,23,27,28,119, 31, 25, 44, 10, 44, 14, 4, 2, 4, 1,3,1,2,4,4,14
20161103,3,1,2,1,2,3,5,6,8,21,31,33,104, 38, 28, 37, 25, 29, 1, 2, 13, 10, 2,3,1,2,2,10,13
20161101,3,1,2,1,3,2,4,9,11,17,26,27,94, 31, 23, 35, 17, 28, 5, 2, 6, 9, 1,1,1,2,5,6,9
20161030,1,2,3,2,3,1,7,12,17,26,29,31,122, 38, 24, 41, 17, 43, 5, 5, 9, 3, 2,2,2,3,5,5,9
20161027,2,4,0,1,2,3,2,6,12,17,18,19,74, 21, 17, 24, 12, 29, 4, 6, 5, 1, 1,2,1,1,4,5,6
20161025,3,1,2,1,2,3,1,6,8,20,27,30,92, 31, 29, 33, 21, 28, 5, 2, 12, 7, 3,1,2,3,5,7,12
20161023,1,2,3,0,1,5,9,15,21,24,27,32,128, 41, 23, 42, 12, 45, 6, 6, 3, 3, 5,2,3,3,5,6,6
20161020,2,3,1,1,2,3,7,9,12,14,20,27,89, 34, 20, 29, 11, 26, 2, 3, 2, 6, 7,1,2,2,3,6,7
20161018,0,2,4,2,2,2,15,22,23,24,28,29,141, 44, 14, 50, 6, 47, 7, 1, 1, 4, 1,2,1,1,1,4,7
20161016,3,0,3,3,2,1,2,3,10,23,25,28,91, 30, 26, 28, 22, 33, 1, 7, 13, 2, 3,3,1,2,3,7,13
20161013,3,1,2,2,2,2,2,5,6,21,25,28,87, 30, 26, 30, 20, 27, 3, 1, 15, 4, 3,2,1,3,3,4,15
20161011,1,2,3,2,1,3,9,19,21,30,31,32,142, 41, 23, 50, 12, 51, 10, 2, 9, 1, 1,3,1,1,2,9,10
20161009,1,2,3,2,2,2,9,14,22,23,31,33,132, 42, 24, 45, 17, 45, 5, 8, 1, 8, 2,4,1,2,5,8,8
20161006,2,2,2,2,2,2,3,10,14,17,28,33,105, 36, 30, 38, 18, 31, 7, 4, 3, 11, 5,2,3,4,5,7,11
20161004,1,2,3,2,2,2,7,18,20,23,27,31,126, 38, 24, 45, 9, 43, 11, 2, 3, 4, 4,2,2,3,4,4,11
20161002,2,2,2,1,3,2,6,8,20,22,26,27,109, 33, 21, 34, 18, 42, 2, 12, 2, 4, 1,1,1,2,2,4,12
20160929,1,3,2,2,3,1,5,16,20,22,27,29,119, 34, 24, 43, 11, 42, 11, 4, 2, 5, 2,1,2,2,4,5,11
20160927,2,3,1,2,4,0,1,11,16,17,20,26,91, 27, 25, 31, 9, 33, 10, 5, 1, 3, 6,2,1,3,5,6,10
20160925,1,4,1,1,1,4,6,12,14,15,18,25,90, 31, 19, 30, 6, 29, 6, 2, 1, 3, 7,1,1,2,3,6,7
20160922,3,2,1,2,3,1,2,4,7,14,15,32,74, 34, 30, 19, 11, 21, 2, 3, 7, 1, 17,2,1,2,3,7,17
20160920,2,0,4,3,2,1,5,7,28,31,32,33,136, 38, 28, 39, 25, 59, 2, 21, 3, 1, 1,3,1,1,2,3,21
20160918,2,2,2,1,1,4,9,11,15,16,27,33,111, 42, 24, 38, 16, 31, 2, 4, 1, 11, 6,2,1,2,4,6,11
20160915,4,1,1,2,3,1,2,3,7,8,19,26,65, 28, 24, 22, 16, 15, 1, 4, 1, 11, 7,2,1,1,4,7,11
20160913,2,1,3,0,3,3,6,11,18,26,27,32,120, 38, 26, 38, 16, 44, 5, 7, 8, 1, 5,2,1,5,5,7,8
20160911,2,2,2,4,1,1,4,5,13,22,25,30,99, 34, 26, 30, 20, 35, 1, 8, 9, 3, 5,2,1,3,5,8,9
20160908,2,1,3,4,1,1,8,10,19,27,28,31,123, 39, 23, 38, 18, 46, 2, 9, 8, 1, 3,1,1,2,3,8,9
20160906,3,1,2,1,2,3,5,9,11,18,30,31,104, 36, 26, 39, 21, 29, 4, 2, 7, 12, 1,2,1,2,4,7,12
20160904,2,2,2,3,1,2,1,5,13,19,24,27,89, 28, 26, 29, 19, 32, 4, 8, 6, 5, 3,2,3,4,5,6,8
20160901,3,2,1,1,4,1,5,8,10,14,17,30,84, 35, 25, 25, 9, 24, 3, 2, 4, 3, 13,0,2,3,3,4,13
20160830,2,1,3,2,1,3,1,3,19,24,32,33,112, 34, 32, 35, 29, 43, 2, 16, 5, 8, 1,4,1,2,5,8,16
20160828,2,1,3,2,2,2,3,10,22,23,27,29,114, 32, 26, 37, 17, 45, 7, 12, 1, 4, 2,3,1,2,4,7,12
20160825,2,1,3,1,2,3,1,11,21,23,27,33,116, 34, 32, 38, 16, 44, 10, 10, 2, 4, 6,5,2,4,6,10,10
20160823,2,0,4,2,4,0,2,8,25,29,31,32,127, 34, 30, 39, 23, 54, 6, 17, 4, 2, 1,3,1,2,4,6,17
20160821,1,1,4,4,1,1,6,13,25,26,28,31,129, 37, 25, 41, 15, 51, 7, 12, 1, 2, 3,2,1,2,3,7,12
20160818,1,4,1,2,1,3,6,13,14,21,22,24,100, 30, 18, 35, 9, 35, 7, 1, 7, 1, 2,3,1,1,2,7,7
20160816,3,2,1,1,2,3,1,5,9,12,18,32,77, 33, 31, 23, 13, 21, 4, 4, 3, 6, 14,3,3,4,4,6,14
20160814,3,2,1,3,0,3,6,7,10,12,18,31,84, 37, 25, 25, 11, 22, 1, 3, 2, 6, 13,2,1,2,3,6,13
20160811,2,2,2,1,1,4,6,9,15,17,25,27,99, 33, 21, 34, 16, 32, 3, 6, 2, 8, 2,0,2,2,3,6,8
20160809,1,2,3,1,3,2,2,13,15,23,24,29,106, 31, 27, 37, 11, 38, 11, 2, 8, 1, 5,3,1,2,5,8,11
20160807,2,2,2,3,3,0,4,8,14,22,23,28,99, 32, 24, 31, 15, 36, 4, 6, 8, 1, 5,2,1,4,5,6,8
20160804,1,4,1,1,4,1,2,13,17,20,21,26,99, 28, 24, 34, 8, 37, 11, 4, 3, 1, 5,3,1,3,4,5,11
20160802,2,1,3,2,2,2,1,3,14,30,31,32,111, 33, 31, 34, 28, 44, 2, 11, 16, 1, 1,4,1,1,2,11,16
20160731,1,3,2,2,1,3,3,14,16,18,25,33,109, 36, 30, 39, 11, 34, 11, 2, 2, 7, 8,2,2,2,7,8,11
20160728,4,2,0,1,3,2,2,3,10,11,14,21,61, 23, 19, 17, 11, 21, 1, 7, 1, 3, 7,4,1,1,3,7,7
20160726,3,2,1,1,2,3,9,10,11,12,15,32,89, 41, 23, 25, 5, 23, 1, 1, 1, 3, 17,3,1,1,1,3,17
20160724,1,4,1,3,1,2,1,12,19,20,21,25,98, 26, 24, 33, 9, 39, 11, 7, 1, 1, 4,3,1,1,4,7,11
20160721,2,2,2,1,2,3,2,4,12,18,24,26,86, 28, 24, 28, 20, 30, 2, 8, 6, 6, 2,2,2,2,6,6,8
20160719,1,2,3,2,1,3,9,16,17,24,30,31,127, 40, 22, 46, 14, 41, 7, 1, 7, 6, 1,1,1,1,6,7,7
20160717,1,5,0,0,3,3,6,12,14,15,17,20,84, 26, 14, 29, 5, 29, 6, 2, 1, 2, 3,1,1,2,2,3,6
20160714,2,1,3,1,2,3,2,6,15,25,30,32,110, 34, 30, 36, 24, 40, 4, 9, 10, 5, 2,2,2,4,5,9,10
20160712,1,2,3,3,2,1,1,16,17,24,25,32,115, 33, 31, 41, 9, 41, 15, 1, 7, 1, 7,2,1,1,7,7,15
20160710,3,1,2,3,0,3,1,3,10,12,24,28,78, 29, 27, 27, 21, 22, 2, 7, 2, 12, 4,3,2,2,4,7,12
20160707,3,0,3,1,5,0,2,4,8,23,26,29,92, 31, 27, 30, 22, 31, 2, 4, 15, 3, 3,2,2,3,3,4,15
20160705,2,3,1,2,3,1,1,9,17,19,20,29,95, 30, 28, 29, 11, 36, 8, 8, 2, 1, 9,1,1,2,8,8,9
20160703,2,2,2,3,2,1,7,8,13,22,30,32,112, 39, 25, 38, 22, 35, 1, 5, 9, 8, 2,3,1,2,5,8,9
20160630,3,1,2,2,2,2,1,3,6,16,29,32,87, 33, 31, 32, 26, 22, 2, 3, 10, 13, 3,3,2,3,3,10,13
20160628,3,2,1,2,2,2,6,10,11,12,20,25,84, 31, 19, 30, 10, 23, 4, 1, 1, 8, 5,2,1,1,4,5,8
20160626,2,4,0,1,2,3,9,11,12,15,16,20,83, 29, 11, 27, 5, 27, 2, 1, 3, 1, 4,2,1,1,2,3,4
20160623,1,3,2,4,1,1,5,16,19,22,24,25,111, 30, 20, 40, 8, 41, 11, 3, 3, 2, 1,1,1,2,3,3,11
20160621,0,2,4,2,3,1,19,21,26,28,29,32,155, 51, 13, 50, 8, 54, 2, 5, 2, 1, 3,2,1,2,2,3,5
20160619,3,1,2,0,3,3,3,6,11,18,23,29,90, 32, 26, 29, 17, 29, 3, 5, 7, 5, 6,3,3,5,5,6,7
20160616,3,2,1,1,3,2,8,10,11,20,21,27,97, 35, 19, 31, 11, 31, 2, 1, 9, 1, 6,2,1,1,2,6,9
20160614,1,1,4,3,3,0,8,19,23,28,31,32,141, 40, 24, 50, 12, 51, 11, 4, 5, 3, 1,3,1,3,4,5,11
20160612,1,3,2,2,1,3,9,13,18,20,27,31,118, 40, 22, 40, 14, 38, 4, 5, 2, 7, 4,2,2,4,4,5,7
20160609,2,4,0,3,1,2,3,7,13,18,19,20,80, 23, 17, 26, 12, 31, 4, 6, 5, 1, 1,2,1,1,4,5,6
20160607,0,3,3,4,1,1,13,16,22,25,26,27,129, 40, 14, 42, 10, 47, 3, 6, 3, 1, 1,2,1,1,3,3,6
20160605,1,4,1,1,3,2,3,12,14,17,19,26,91, 29, 23, 31, 7, 31, 9, 2, 3, 2, 7,2,2,2,3,7,9
20160602,0,3,3,2,3,1,16,17,18,23,28,32,134, 48, 16, 45, 11, 41, 1, 1, 5, 5, 4,2,1,1,4,5,5
20160531,0,6,0,2,0,4,12,13,15,18,19,21,98, 33, 9, 32, 6, 33, 1, 2, 3, 1, 2,3,1,1,2,2,3
20160529,3,2,1,0,4,2,5,6,8,18,20,32,89, 37, 27, 26, 14, 26, 1, 2, 10, 2, 12,1,1,2,2,10,12
20160526,2,1,3,2,4,0,4,5,22,26,29,32,118, 36, 28, 34, 24, 48, 1, 17, 4, 3, 3,2,1,3,3,4,17
20160524,2,2,2,3,2,1,4,11,12,20,25,28,100, 32, 24, 36, 14, 32, 7, 1, 8, 5, 3,2,1,3,5,7,8
20160522,2,2,2,0,3,3,3,5,18,20,24,32,102, 35, 29, 29, 19, 38, 2, 13, 2, 4, 8,2,2,2,4,8,13
20160519,1,3,2,3,2,1,7,12,19,22,23,26,109, 33, 19, 35, 11, 41, 5, 7, 3, 1, 3,3,1,3,3,5,7
20160517,4,2,0,2,2,2,3,4,8,11,16,18,60, 21, 15, 20, 12, 19, 1, 4, 3, 5, 2,2,1,2,3,4,5
20160515,3,2,1,3,2,1,5,6,10,16,22,26,85, 31, 21, 28, 16, 26, 1, 4, 6, 6, 4,1,1,4,4,6,6
20160512,2,2,2,3,2,1,6,11,16,19,28,32,112, 38, 26, 39, 17, 35, 5, 5, 3, 9, 4,2,3,4,5,5,9
